 ****************** Start US v. 1.9 at 07-Dec-12 12:15:18 ******************
 
 output,0,0,0,0,0,0
 energy   5.300 GeV   current 250.0 mA
 sigx     1.070  mm   sigy    0.081 mm   sigx1  0.1433 mr   sigy1  0.0135 mr
 period   2.440  cm   N          40      Kx      0.000      Ky      2.350
 emin     500.0  eV   emax 100000.0 eV   ne       4999
 d       20.000   m   xpc     0.750 mm   ypc     0.000 mm
 xps      0.500  mm   yps     0.000 mm   nxp        10      nyp        10
 mode         4       method      4      iharm       0   
 nphi        20       nalpha     15      calpha2   2.0
 nomega      64       comega    8.0      nsigma      3
 
 e1      2906.6  eV   l1      4.266  A
 ptot    4613.7   W   pd      217.5  W/mm^2
 
 
 Flux through   0.500 mm x  0.000 mm pinhole at  0.750 mm,  0.000 mm @ 20.000 m:
 Integrated flux   2.720E+10 ph/s
 Integrated power        0.0 W
 Contributing harmonics    1 to   55
 
 Energy(eV)   Flux(ph/s/0.1%bw)   p1      p2      p3      p4
    500.000   1.113999E+04     0.982   0.000   0.000   0.018
    519.904   1.377547E+04     0.982   0.000   0.000   0.018
    539.808   1.714934E+04     0.982   0.000   0.000   0.018
    559.712   2.093758E+04     0.981   0.000   0.000   0.019
    579.616   2.474007E+04     0.981   0.000   0.000   0.019
    599.520   2.840817E+04     0.981   0.000   0.000   0.019
    619.424   3.205167E+04     0.981   0.000   0.000   0.019
    639.328   3.580958E+04     0.980   0.000   0.000   0.020
    659.232   3.967752E+04     0.980   0.000   0.000   0.020
    679.136   4.361920E+04     0.979   0.000   0.000   0.021
    699.040   4.759896E+04     0.979   0.000   0.000   0.021
    718.944   5.162457E+04     0.978   0.000   0.000   0.022
    738.848   5.565401E+04     0.978   0.000   0.000   0.022
    758.752   5.963086E+04     0.977   0.000   0.000   0.023
    778.656   6.365826E+04     0.976   0.000   0.000   0.024
    798.560   6.801756E+04     0.974   0.000   0.000   0.026
    818.464   7.293159E+04     0.972   0.000   0.000   0.028
    838.368   7.817867E+04     0.968   0.000   0.000   0.032
    858.272   8.324081E+04     0.966   0.000   0.000   0.034
    878.176   8.776707E+04     0.964   0.000   0.000   0.036
    898.080   9.186294E+04     0.962   0.000   0.000   0.038
    917.984   9.588149E+04     0.959   0.000   0.000   0.041
    937.888   9.999072E+04     0.956   0.000   0.000   0.044
    957.792   1.040474E+05     0.952   0.000   0.000   0.048
    977.696   1.077398E+05     0.948   0.000   0.000   0.052
    997.600   1.109163E+05     0.945   0.000   0.000   0.055
   1017.504   1.136766E+05     0.942   0.000   0.000   0.058
   1037.407   1.162183E+05     0.938   0.000   0.000   0.062
   1057.311   1.186344E+05     0.935   0.000   0.000   0.065
   1077.215   1.208610E+05     0.931   0.000   0.000   0.069
   1097.119   1.228071E+05     0.927   0.000   0.000   0.073
   1117.023   1.243888E+05     0.923   0.000   0.000   0.077
   1136.927   1.255507E+05     0.919   0.000   0.000   0.081
   1156.831   1.262628E+05     0.914   0.000   0.000   0.086
   1176.735   1.265425E+05     0.909   0.000   0.000   0.091
   1196.639   1.264537E+05     0.903   0.000   0.000   0.097
   1216.543   1.260759E+05     0.898   0.000   0.000   0.102
   1236.447   1.254424E+05     0.891   0.000   0.000   0.109
   1256.351   1.245709E+05     0.884   0.000   0.000   0.116
   1276.255   1.234223E+05     0.877   0.000   0.000   0.123
   1296.159   1.220328E+05     0.869   0.000   0.000   0.131
   1316.063   1.205009E+05     0.858   0.000   0.000   0.142
   1335.967   1.188467E+05     0.845   0.000   0.000   0.155
   1355.871   1.169434E+05     0.831   0.000   0.000   0.169
   1375.775   1.146449E+05     0.817   0.000   0.000   0.183
   1395.679   1.120795E+05     0.802   0.000   0.000   0.198
   1415.583   1.094381E+05     0.785   0.000   0.000   0.215
   1435.487   1.068233E+05     0.766   0.000   0.000   0.234
   1455.391   1.041692E+05     0.745   0.000   0.000   0.255
   1475.295   1.014022E+05     0.723   0.000   0.000   0.277
   1495.199   9.857465E+04     0.701   0.000   0.000   0.299
   1515.103   9.575212E+04     0.678   0.000   0.000   0.322
   1535.007   9.314933E+04     0.655   0.000   0.000   0.345
   1554.911   9.082874E+04     0.631   0.000   0.000   0.369
   1574.815   8.891288E+04     0.608   0.000   0.000   0.392
   1594.719   8.755504E+04     0.585   0.000   0.000   0.415
   1614.623   8.691865E+04     0.565   0.000   0.000   0.435
   1634.527   8.714213E+04     0.547   0.000   0.000   0.453
   1654.431   8.812146E+04     0.534   0.000   0.000   0.466
   1674.335   8.996647E+04     0.525   0.000   0.000   0.475
   1694.239   9.255100E+04     0.521   0.000   0.000   0.479
   1714.143   9.604548E+04     0.521   0.000   0.000   0.479
   1734.047   1.007844E+05     0.524   0.000   0.000   0.476
   1753.951   1.070118E+05     0.531   0.000   0.000   0.469
   1773.855   1.148231E+05     0.543   0.000   0.000   0.457
   1793.759   1.240845E+05     0.559   0.000   0.000   0.441
   1813.663   1.354645E+05     0.578   0.000   0.000   0.422
   1833.567   1.491338E+05     0.600   0.000   0.000   0.400
   1853.471   1.652906E+05     0.624   0.000   0.000   0.376
   1873.375   1.840901E+05     0.649   0.000   0.000   0.351
   1893.279   2.057534E+05     0.675   0.000   0.000   0.325
   1913.183   2.305756E+05     0.701   0.000   0.000   0.299
   1933.087   2.583646E+05     0.724   0.000   0.000   0.276
   1952.991   2.901097E+05     0.747   0.000   0.000   0.253
   1972.895   3.258839E+05     0.768   0.000   0.000   0.232
   1992.799   3.661395E+05     0.788   0.000   0.000   0.212
   2012.703   4.115163E+05     0.806   0.000   0.000   0.194
   2032.607   4.627703E+05     0.823   0.000   0.000   0.177
   2052.511   5.206043E+05     0.837   0.000   0.000   0.163
   2072.414   5.855759E+05     0.850   0.000   0.000   0.150
   2092.318   6.565564E+05     0.862   0.000   0.000   0.138
   2112.222   7.363916E+05     0.873   0.000   0.000   0.127
   2132.126   8.245036E+05     0.883   0.000   0.000   0.117
   2152.030   9.215385E+05     0.893   0.000   0.000   0.107
   2171.934   1.028604E+06     0.902   0.000   0.000   0.098
   2191.838   1.146916E+06     0.910   0.000   0.000   0.090
   2211.742   1.277756E+06     0.917   0.000   0.000   0.083
   2231.646   1.419445E+06     0.924   0.000   0.000   0.076
   2251.550   1.579502E+06     0.930   0.000   0.000   0.070
   2271.454   1.757754E+06     0.936   0.000   0.000   0.064
   2291.358   1.954764E+06     0.941   0.000   0.000   0.059
   2311.262   2.173371E+06     0.945   0.000   0.000   0.055
   2331.166   2.416249E+06     0.950   0.000   0.000   0.050
   2351.070   2.684508E+06     0.954   0.000   0.000   0.046
   2370.974   2.967301E+06     0.958   0.000   0.000   0.042
   2390.878   3.245203E+06     0.961   0.000   0.000   0.039
   2410.782   3.574312E+06     0.964   0.000   0.000   0.036
   2430.686   3.964762E+06     0.967   0.000   0.000   0.033
   2450.590   4.349711E+06     0.969   0.000   0.000   0.031
   2470.494   4.754683E+06     0.972   0.000   0.000   0.028
   2490.398   5.260101E+06     0.974   0.000   0.000   0.026
   2510.302   5.816121E+06     0.976   0.000   0.000   0.024
   2530.206   6.367982E+06     0.978   0.000   0.000   0.022
   2550.110   7.018394E+06     0.980   0.000   0.000   0.020
   2570.014   7.803106E+06     0.982   0.000   0.000   0.018
   2589.918   8.601635E+06     0.984   0.000   0.000   0.016
   2609.822   9.459200E+06     0.985   0.000   0.000   0.015
   2629.726   1.054642E+07     0.987   0.000   0.000   0.013
   2649.630   1.176946E+07     0.988   0.000   0.000   0.012
   2669.534   1.301223E+07     0.989   0.000   0.000   0.011
   2689.438   1.454122E+07     0.991   0.000   0.000   0.009
   2709.342   1.649561E+07     0.992   0.000   0.000   0.008
   2729.246   1.859702E+07     0.993   0.000   0.000   0.007
   2749.150   2.104336E+07     0.994   0.000   0.000   0.006
   2769.054   2.449215E+07     0.995   0.000   0.000   0.005
   2788.958   2.863989E+07     0.996   0.000   0.000   0.004
   2808.862   3.301830E+07     0.997   0.000   0.000   0.003
   2828.766   3.949554E+07     0.998   0.000   0.000   0.002
   2848.670   4.974556E+07     0.998   0.000   0.000   0.002
   2868.574   5.869261E+07     0.999   0.000   0.000   0.001
   2888.478   5.618579E+07     0.999   0.000   0.000   0.001
   2908.382   3.926261E+07     0.999   0.000   0.000   0.001
   2928.286   1.809296E+07     0.997   0.000   0.000   0.003
   2948.190   5.104153E+06     0.991   0.000   0.000   0.009
   2968.094   2.090738E+06     0.978   0.000   0.000   0.022
   2987.998   2.435908E+06     0.981   0.000   0.000   0.019
   3007.902   1.788077E+06     0.973   0.000   0.000   0.027
   3027.806   9.374769E+05     0.948   0.000   0.000   0.052
   3047.710   9.244874E+05     0.946   0.000   0.000   0.054
   3067.614   9.707075E+05     0.948   0.000   0.000   0.052
   3087.518   6.583480E+05     0.922   0.000   0.000   0.078
   3107.421   5.118075E+05     0.898   0.000   0.000   0.102
   3127.325   5.947864E+05     0.911   0.000   0.000   0.089
   3147.229   5.278626E+05     0.898   0.000   0.000   0.102
   3167.133   3.859279E+05     0.857   0.000   0.000   0.143
   3187.037   4.015191E+05     0.860   0.000   0.000   0.140
   3206.941   4.319327E+05     0.868   0.000   0.000   0.132
   3226.845   3.527136E+05     0.835   0.000   0.000   0.165
   3246.749   3.151654E+05     0.812   0.000   0.000   0.188
   3266.653   3.564649E+05     0.831   0.000   0.000   0.169
   3286.557   3.424476E+05     0.821   0.000   0.000   0.179
   3306.461   2.935330E+05     0.787   0.000   0.000   0.213
   3326.365   3.086377E+05     0.794   0.000   0.000   0.206
   3346.269   3.319543E+05     0.805   0.000   0.000   0.195
   3366.173   3.026551E+05     0.783   0.000   0.000   0.217
   3386.077   2.900549E+05     0.769   0.000   0.000   0.231
   3405.981   3.180098E+05     0.786   0.000   0.000   0.214
   3425.885   3.157248E+05     0.782   0.000   0.000   0.218
   3445.789   2.898399E+05     0.758   0.000   0.000   0.242
   3465.693   2.961466E+05     0.760   0.000   0.000   0.240
   3485.597   3.152935E+05     0.770   0.000   0.000   0.230
   3505.501   3.360973E+05     0.780   0.000   0.000   0.220
   3525.405   3.584061E+05     0.789   0.000   0.000   0.211
   3545.309   3.818690E+05     0.798   0.000   0.000   0.202
   3565.213   4.063241E+05     0.807   0.000   0.000   0.193
   3585.117   4.319872E+05     0.815   0.000   0.000   0.185
   3605.021   4.592854E+05     0.824   0.000   0.000   0.176
   3624.925   4.882241E+05     0.831   0.000   0.000   0.169
   3644.829   5.194098E+05     0.839   0.000   0.000   0.161
   3664.733   5.524341E+05     0.845   0.000   0.000   0.155
   3684.637   5.870258E+05     0.852   0.000   0.000   0.148
   3704.541   6.231312E+05     0.858   0.000   0.000   0.142
   3724.445   6.609503E+05     0.865   0.000   0.000   0.135
   3744.349   7.007031E+05     0.871   0.000   0.000   0.129
   3764.253   7.420454E+05     0.876   0.000   0.000   0.124
   3784.157   7.857257E+05     0.882   0.000   0.000   0.118
   3804.061   8.315687E+05     0.887   0.000   0.000   0.113
   3823.965   8.796438E+05     0.892   0.000   0.000   0.108
   3843.869   9.300213E+05     0.897   0.000   0.000   0.103
   3863.773   9.828083E+05     0.901   0.000   0.000   0.099
   3883.677   1.038084E+06     0.906   0.000   0.000   0.094
   3903.581   1.095326E+06     0.910   0.000   0.000   0.090
   3923.485   1.155490E+06     0.914   0.000   0.000   0.086
   3943.389   1.218397E+06     0.918   0.000   0.000   0.082
   3963.293   1.284133E+06     0.921   0.000   0.000   0.079
   3983.197   1.352818E+06     0.924   0.000   0.000   0.076
   4003.101   1.424642E+06     0.927   0.000   0.000   0.073
   4023.005   1.499615E+06     0.930   0.000   0.000   0.070
   4042.909   1.576910E+06     0.933   0.000   0.000   0.067
   4062.813   1.657950E+06     0.936   0.000   0.000   0.064
   4082.717   1.743332E+06     0.938   0.000   0.000   0.062
   4102.621   1.833559E+06     0.941   0.000   0.000   0.059
   4122.525   1.927759E+06     0.943   0.000   0.000   0.057
   4142.428   2.024687E+06     0.945   0.000   0.000   0.055
   4162.332   2.124325E+06     0.947   0.000   0.000   0.053
   4182.236   2.226905E+06     0.950   0.000   0.000   0.050
   4202.140   2.334370E+06     0.952   0.000   0.000   0.048
   4222.044   2.446078E+06     0.954   0.000   0.000   0.046
   4241.948   2.561880E+06     0.955   0.000   0.000   0.045
   4261.852   2.682093E+06     0.957   0.000   0.000   0.043
   4281.756   2.806931E+06     0.959   0.000   0.000   0.041
   4301.660   2.936294E+06     0.961   0.000   0.000   0.039
   4321.564   3.069221E+06     0.962   0.000   0.000   0.038
   4341.468   3.207411E+06     0.964   0.000   0.000   0.036
   4361.372   3.350347E+06     0.965   0.000   0.000   0.035
   4381.276   3.498001E+06     0.966   0.000   0.000   0.034
   4401.180   3.650663E+06     0.968   0.000   0.000   0.032
   4421.084   3.808557E+06     0.969   0.000   0.000   0.031
   4440.988   3.971519E+06     0.971   0.000   0.000   0.029
   4460.892   4.138651E+06     0.972   0.000   0.000   0.028
   4480.796   4.312907E+06     0.973   0.000   0.000   0.027
   4500.700   4.494799E+06     0.974   0.000   0.000   0.026
   4520.604   4.683929E+06     0.975   0.000   0.000   0.025
   4540.508   4.879276E+06     0.976   0.000   0.000   0.024
   4560.412   5.080788E+06     0.977   0.000   0.000   0.023
   4580.316   5.288918E+06     0.978   0.000   0.000   0.022
   4600.220   5.503083E+06     0.979   0.000   0.000   0.021
   4620.124   5.719739E+06     0.980   0.000   0.000   0.020
   4640.028   5.941868E+06     0.981   0.000   0.000   0.019
   4659.932   6.169203E+06     0.982   0.000   0.000   0.018
   4679.836   6.402814E+06     0.983   0.000   0.000   0.017
   4699.740   6.642730E+06     0.983   0.000   0.000   0.017
   4719.644   6.888575E+06     0.984   0.000   0.000   0.016
   4739.548   7.140654E+06     0.985   0.000   0.000   0.015
   4759.452   7.397685E+06     0.985   0.000   0.000   0.015
   4779.356   7.664723E+06     0.986   0.000   0.000   0.014
   4799.260   7.941177E+06     0.987   0.000   0.000   0.013
   4819.164   8.226525E+06     0.987   0.000   0.000   0.013
   4839.068   8.518675E+06     0.988   0.000   0.000   0.012
   4858.972   8.815139E+06     0.988   0.000   0.000   0.012
   4878.876   9.114853E+06     0.989   0.000   0.000   0.011
   4898.780   9.415934E+06     0.989   0.000   0.000   0.011
   4918.684   9.723078E+06     0.990   0.000   0.000   0.010
   4938.588   1.003516E+07     0.990   0.000   0.000   0.010
   4958.492   1.035340E+07     0.991   0.000   0.000   0.009
   4978.396   1.068033E+07     0.991   0.000   0.000   0.009
   4998.300   1.101704E+07     0.992   0.000   0.000   0.008
   5018.204   1.136087E+07     0.992   0.000   0.000   0.008
   5038.108   1.170475E+07     0.992   0.000   0.000   0.008
   5058.012   1.204938E+07     0.993   0.000   0.000   0.007
   5077.916   1.239363E+07     0.993   0.000   0.000   0.007
   5097.820   1.274017E+07     0.993   0.000   0.000   0.007
   5117.724   1.309260E+07     0.993   0.000   0.000   0.007
   5137.628   1.345197E+07     0.994   0.000   0.000   0.006
   5157.532   1.381385E+07     0.994   0.000   0.000   0.006
   5177.435   1.416975E+07     0.994   0.000   0.000   0.006
   5197.339   1.452055E+07     0.994   0.000   0.000   0.006
   5217.243   1.486945E+07     0.994   0.000   0.000   0.006
   5237.147   1.522011E+07     0.994   0.000   0.000   0.006
   5257.051   1.556832E+07     0.994   0.000   0.000   0.006
   5276.955   1.590809E+07     0.994   0.000   0.000   0.006
   5296.859   1.623927E+07     0.994   0.000   0.000   0.006
   5316.763   1.656293E+07     0.994   0.000   0.000   0.006
   5336.667   1.687509E+07     0.994   0.000   0.000   0.006
   5356.571   1.717264E+07     0.994   0.000   0.000   0.006
   5376.475   1.745503E+07     0.993   0.000   0.000   0.007
   5396.379   1.771792E+07     0.993   0.000   0.000   0.007
   5416.283   1.795708E+07     0.993   0.000   0.000   0.007
   5436.187   1.817188E+07     0.992   0.000   0.000   0.008
   5456.091   1.835897E+07     0.991   0.000   0.000   0.009
   5475.995   1.850868E+07     0.990   0.000   0.000   0.010
   5495.899   1.861689E+07     0.989   0.000   0.000   0.011
   5515.803   1.868251E+07     0.988   0.000   0.000   0.012
   5535.707   1.869101E+07     0.986   0.000   0.000   0.014
   5555.611   1.862573E+07     0.984   0.000   0.000   0.016
   5575.515   1.848460E+07     0.982   0.000   0.000   0.018
   5595.419   1.826094E+07     0.979   0.000   0.000   0.021
   5615.323   1.792475E+07     0.977   0.000   0.000   0.023
   5635.227   1.745802E+07     0.973   0.000   0.000   0.027
   5655.131   1.686418E+07     0.970   0.000   0.000   0.030
   5675.035   1.610399E+07     0.966   0.000   0.000   0.034
   5694.939   1.509575E+07     0.961   0.000   0.000   0.039
   5714.843   1.381907E+07     0.956   0.000   0.000   0.044
   5734.747   1.231630E+07     0.950   0.000   0.000   0.050
   5754.651   1.054220E+07     0.944   0.000   0.000   0.056
   5774.555   8.405669E+06     0.940   0.000   0.000   0.060
   5794.459   6.092895E+06     0.938   0.000   0.000   0.062
   5814.363   4.153580E+06     0.941   0.000   0.000   0.059
   5834.267   3.047104E+06     0.948   0.000   0.000   0.052
   5854.171   2.696350E+06     0.952   0.000   0.000   0.048
   5874.075   2.664378E+06     0.953   0.000   0.000   0.047
   5893.979   2.649889E+06     0.955   0.000   0.000   0.045
   5913.883   2.634317E+06     0.956   0.000   0.000   0.044
   5933.787   2.662144E+06     0.957   0.000   0.000   0.043
   5953.691   2.708015E+06     0.958   0.000   0.000   0.042
   5973.595   2.748576E+06     0.959   0.000   0.000   0.041
   5993.499   2.798314E+06     0.960   0.000   0.000   0.040
   6013.403   2.862276E+06     0.961   0.000   0.000   0.039
   6033.307   2.926394E+06     0.962   0.000   0.000   0.038
   6053.211   2.990430E+06     0.964   0.000   0.000   0.036
   6073.115   3.063000E+06     0.965   0.000   0.000   0.035
   6093.019   3.139258E+06     0.966   0.000   0.000   0.034
   6112.923   3.215089E+06     0.967   0.000   0.000   0.033
   6132.827   3.295700E+06     0.968   0.000   0.000   0.032
   6152.731   3.383805E+06     0.968   0.000   0.000   0.032
   6172.635   3.473823E+06     0.969   0.000   0.000   0.031
   6192.539   3.563656E+06     0.970   0.000   0.000   0.030
   6212.442   3.656185E+06     0.971   0.000   0.000   0.029
   6232.346   3.749872E+06     0.972   0.000   0.000   0.028
   6252.250   3.844672E+06     0.973   0.000   0.000   0.027
   6272.154   3.943202E+06     0.974   0.000   0.000   0.026
   6292.058   4.046745E+06     0.974   0.000   0.000   0.026
   6311.962   4.152496E+06     0.975   0.000   0.000   0.025
   6331.866   4.259511E+06     0.976   0.000   0.000   0.024
   6351.770   4.368287E+06     0.977   0.000   0.000   0.023
   6371.674   4.478706E+06     0.977   0.000   0.000   0.023
   6391.578   4.588915E+06     0.978   0.000   0.000   0.022
   6411.482   4.701250E+06     0.979   0.000   0.000   0.021
   6431.386   4.814977E+06     0.979   0.000   0.000   0.021
   6451.290   4.930035E+06     0.980   0.000   0.000   0.020
   6471.194   5.046430E+06     0.980   0.000   0.000   0.020
   6491.098   5.164141E+06     0.981   0.000   0.000   0.019
   6511.002   5.283110E+06     0.982   0.000   0.000   0.018
   6530.906   5.401968E+06     0.982   0.000   0.000   0.018
   6550.810   5.522672E+06     0.983   0.000   0.000   0.017
   6570.714   5.644413E+06     0.983   0.000   0.000   0.017
   6590.618   5.767200E+06     0.984   0.000   0.000   0.016
   6610.522   5.891011E+06     0.984   0.000   0.000   0.016
   6630.426   6.015779E+06     0.984   0.000   0.000   0.016
   6650.330   6.141495E+06     0.985   0.000   0.000   0.015
   6670.234   6.266744E+06     0.985   0.000   0.000   0.015
   6690.138   6.393286E+06     0.986   0.000   0.000   0.014
   6710.042   6.520522E+06     0.986   0.000   0.000   0.014
   6729.946   6.649660E+06     0.986   0.000   0.000   0.014
   6749.850   6.781959E+06     0.986   0.000   0.000   0.014
   6769.754   6.916676E+06     0.986   0.000   0.000   0.014
   6789.658   7.051029E+06     0.986   0.000   0.000   0.014
   6809.562   7.181719E+06     0.987   0.000   0.000   0.013
   6829.466   7.311726E+06     0.987   0.000   0.000   0.013
   6849.370   7.442760E+06     0.987   0.000   0.000   0.013
   6869.274   7.575351E+06     0.988   0.000   0.000   0.012
   6889.178   7.707595E+06     0.988   0.000   0.000   0.012
   6909.082   7.837580E+06     0.988   0.000   0.000   0.012
   6928.986   7.965160E+06     0.988   0.000   0.000   0.012
   6948.890   8.089958E+06     0.989   0.000   0.000   0.011
   6968.794   8.214407E+06     0.989   0.000   0.000   0.011
   6988.698   8.338103E+06     0.989   0.000   0.000   0.011
   7008.602   8.461153E+06     0.989   0.000   0.000   0.011
   7028.506   8.583206E+06     0.989   0.000   0.000   0.011
   7048.410   8.703403E+06     0.989   0.000   0.000   0.011
   7068.314   8.821129E+06     0.990   0.000   0.000   0.010
   7088.218   8.935161E+06     0.990   0.000   0.000   0.010
   7108.122   9.047038E+06     0.990   0.000   0.000   0.010
   7128.026   9.156145E+06     0.990   0.000   0.000   0.010
   7147.930   9.263145E+06     0.990   0.000   0.000   0.010
   7167.834   9.369025E+06     0.990   0.000   0.000   0.010
   7187.738   9.473554E+06     0.990   0.000   0.000   0.010
   7207.642   9.575236E+06     0.990   0.000   0.000   0.010
   7227.546   9.673215E+06     0.990   0.000   0.000   0.010
   7247.449   9.766302E+06     0.990   0.000   0.000   0.010
   7267.353   9.857163E+06     0.990   0.000   0.000   0.010
   7287.257   9.943383E+06     0.990   0.000   0.000   0.010
   7307.161   1.002345E+07     0.990   0.000   0.000   0.010
   7327.065   1.009727E+07     0.990   0.000   0.000   0.010
   7346.969   1.016549E+07     0.990   0.000   0.000   0.010
   7366.873   1.022817E+07     0.990   0.000   0.000   0.010
   7386.777   1.028334E+07     0.990   0.000   0.000   0.010
   7406.681   1.033277E+07     0.989   0.000   0.000   0.011
   7426.585   1.037580E+07     0.989   0.000   0.000   0.011
   7446.489   1.041293E+07     0.989   0.000   0.000   0.011
   7466.393   1.044453E+07     0.989   0.000   0.000   0.011
   7486.297   1.047041E+07     0.989   0.000   0.000   0.011
   7506.201   1.048970E+07     0.988   0.000   0.000   0.012
   7526.105   1.050023E+07     0.988   0.000   0.000   0.012
   7546.009   1.050282E+07     0.988   0.000   0.000   0.012
   7565.913   1.049635E+07     0.987   0.000   0.000   0.013
   7585.817   1.048063E+07     0.987   0.000   0.000   0.013
   7605.721   1.045579E+07     0.987   0.000   0.000   0.013
   7625.625   1.042204E+07     0.986   0.000   0.000   0.014
   7645.529   1.037945E+07     0.986   0.000   0.000   0.014
   7665.433   1.032726E+07     0.985   0.000   0.000   0.015
   7685.337   1.026685E+07     0.985   0.000   0.000   0.015
   7705.241   1.019769E+07     0.984   0.000   0.000   0.016
   7725.145   1.011913E+07     0.983   0.000   0.000   0.017
   7745.049   1.003045E+07     0.982   0.000   0.000   0.018
   7764.953   9.931414E+06     0.982   0.000   0.000   0.018
   7784.857   9.822171E+06     0.981   0.000   0.000   0.019
   7804.761   9.702293E+06     0.980   0.000   0.000   0.020
   7824.665   9.573363E+06     0.979   0.000   0.000   0.021
   7844.569   9.435545E+06     0.978   0.000   0.000   0.022
   7864.473   9.288971E+06     0.976   0.000   0.000   0.024
   7884.377   9.133548E+06     0.975   0.000   0.000   0.025
   7904.281   8.969500E+06     0.974   0.000   0.000   0.026
   7924.185   8.797726E+06     0.972   0.000   0.000   0.028
   7944.089   8.618187E+06     0.970   0.000   0.000   0.030
   7963.993   8.433405E+06     0.968   0.000   0.000   0.032
   7983.897   8.243148E+06     0.966   0.000   0.000   0.034
   8003.801   8.047918E+06     0.964   0.000   0.000   0.036
   8023.705   7.849386E+06     0.962   0.000   0.000   0.038
   8043.609   7.649923E+06     0.960   0.000   0.000   0.040
   8063.513   7.451543E+06     0.957   0.000   0.000   0.043
   8083.417   7.256213E+06     0.954   0.000   0.000   0.046
   8103.321   7.060620E+06     0.952   0.000   0.000   0.048
   8123.225   6.876456E+06     0.949   0.000   0.000   0.051
   8143.129   6.705661E+06     0.946   0.000   0.000   0.054
   8163.033   6.549852E+06     0.943   0.000   0.000   0.057
   8182.937   6.405553E+06     0.940   0.000   0.000   0.060
   8202.841   6.266804E+06     0.937   0.000   0.000   0.063
   8222.745   6.169364E+06     0.935   0.000   0.000   0.065
   8242.649   6.124155E+06     0.933   0.000   0.000   0.067
   8262.553   6.104830E+06     0.931   0.000   0.000   0.069
   8282.456   6.135463E+06     0.931   0.000   0.000   0.069
   8302.360   6.256997E+06     0.931   0.000   0.000   0.069
   8322.264   6.436504E+06     0.932   0.000   0.000   0.068
   8342.168   6.650839E+06     0.934   0.000   0.000   0.066
   8362.072   6.974765E+06     0.937   0.000   0.000   0.063
   8381.976   7.438992E+06     0.941   0.000   0.000   0.059
   8401.880   7.986948E+06     0.946   0.000   0.000   0.054
   8421.784   8.662225E+06     0.951   0.000   0.000   0.049
   8441.688   9.570794E+06     0.956   0.000   0.000   0.044
   8461.592   1.066677E+07     0.962   0.000   0.000   0.038
   8481.496   1.190538E+07     0.967   0.000   0.000   0.033
   8501.400   1.346007E+07     0.972   0.000   0.000   0.028
   8521.304   1.540116E+07     0.977   0.000   0.000   0.023
   8541.208   1.755431E+07     0.981   0.000   0.000   0.019
   8561.112   2.003896E+07     0.985   0.000   0.000   0.015
   8581.016   2.320585E+07     0.988   0.000   0.000   0.012
   8600.920   2.677585E+07     0.991   0.000   0.000   0.009
   8620.824   3.033296E+07     0.993   0.000   0.000   0.007
   8640.728   3.478615E+07     0.995   0.000   0.000   0.005
   8660.632   4.086089E+07     0.997   0.000   0.000   0.003
   8680.536   4.540965E+07     0.997   0.000   0.000   0.003
   8700.440   4.266564E+07     0.998   0.000   0.000   0.002
   8720.344   3.142249E+07     0.997   0.000   0.000   0.003
   8740.248   1.811968E+07     0.995   0.000   0.000   0.005
   8760.152   1.012361E+07     0.991   0.000   0.000   0.009
   8780.056   8.272680E+06     0.990   0.000   0.000   0.010
   8799.960   8.486995E+06     0.990   0.000   0.000   0.010
   8819.864   8.144907E+06     0.990   0.000   0.000   0.010
   8839.768   7.694552E+06     0.989   0.000   0.000   0.011
   8859.672   7.733653E+06     0.989   0.000   0.000   0.011
   8879.576   7.808786E+06     0.989   0.000   0.000   0.011
   8899.480   7.680128E+06     0.989   0.000   0.000   0.011
   8919.384   7.648867E+06     0.989   0.000   0.000   0.011
   8939.288   7.747443E+06     0.989   0.000   0.000   0.011
   8959.192   7.758421E+06     0.989   0.000   0.000   0.011
   8979.096   7.727515E+06     0.989   0.000   0.000   0.011
   8999.000   7.786762E+06     0.989   0.000   0.000   0.011
   9018.904   7.851754E+06     0.989   0.000   0.000   0.011
   9038.808   7.854532E+06     0.989   0.000   0.000   0.011
   9058.712   7.879568E+06     0.989   0.000   0.000   0.011
   9078.616   7.945353E+06     0.989   0.000   0.000   0.011
   9098.520   7.975960E+06     0.989   0.000   0.000   0.011
   9118.424   7.985680E+06     0.988   0.000   0.000   0.012
   9138.328   8.030475E+06     0.988   0.000   0.000   0.012
   9158.232   8.075834E+06     0.988   0.000   0.000   0.012
   9178.136   8.089424E+06     0.988   0.000   0.000   0.012
   9198.040   8.109407E+06     0.988   0.000   0.000   0.012
   9217.944   8.147000E+06     0.988   0.000   0.000   0.012
   9237.848   8.164308E+06     0.988   0.000   0.000   0.012
   9257.752   8.164982E+06     0.988   0.000   0.000   0.012
   9277.656   8.181803E+06     0.988   0.000   0.000   0.012
   9297.560   8.202262E+06     0.988   0.000   0.000   0.012
   9317.463   8.220639E+06     0.987   0.000   0.000   0.013
   9337.367   8.236314E+06     0.987   0.000   0.000   0.013
   9357.271   8.249233E+06     0.987   0.000   0.000   0.013
   9377.175   8.259346E+06     0.987   0.000   0.000   0.013
   9397.079   8.266678E+06     0.987   0.000   0.000   0.013
   9416.983   8.271229E+06     0.987   0.000   0.000   0.013
   9436.887   8.271886E+06     0.986   0.000   0.000   0.014
   9456.791   8.270000E+06     0.986   0.000   0.000   0.014
   9476.695   8.265113E+06     0.986   0.000   0.000   0.014
   9496.599   8.257274E+06     0.986   0.000   0.000   0.014
   9516.503   8.246446E+06     0.985   0.000   0.000   0.015
   9536.407   8.232701E+06     0.985   0.000   0.000   0.015
   9556.311   8.216374E+06     0.985   0.000   0.000   0.015
   9576.215   8.196845E+06     0.985   0.000   0.000   0.015
   9596.119   8.175040E+06     0.984   0.000   0.000   0.016
   9616.023   8.150042E+06     0.984   0.000   0.000   0.016
   9635.927   8.121768E+06     0.983   0.000   0.000   0.017
   9655.831   8.090656E+06     0.983   0.000   0.000   0.017
   9675.735   8.057000E+06     0.983   0.000   0.000   0.017
   9695.639   8.020579E+06     0.982   0.000   0.000   0.018
   9715.543   7.980350E+06     0.982   0.000   0.000   0.018
   9735.447   7.937357E+06     0.981   0.000   0.000   0.019
   9755.351   7.891638E+06     0.981   0.000   0.000   0.019
   9775.255   7.843433E+06     0.980   0.000   0.000   0.020
   9795.159   7.792850E+06     0.980   0.000   0.000   0.020
   9815.063   7.740008E+06     0.979   0.000   0.000   0.021
   9834.967   7.685049E+06     0.979   0.000   0.000   0.021
   9854.871   7.628101E+06     0.978   0.000   0.000   0.022
   9874.775   7.568183E+06     0.978   0.000   0.000   0.022
   9894.679   7.507236E+06     0.977   0.000   0.000   0.023
   9914.583   7.444865E+06     0.976   0.000   0.000   0.024
   9934.487   7.381322E+06     0.976   0.000   0.000   0.024
   9954.391   7.316843E+06     0.975   0.000   0.000   0.025
   9974.295   7.251728E+06     0.974   0.000   0.000   0.026
   9994.199   7.186375E+06     0.973   0.000   0.000   0.027
  10014.103   7.119990E+06     0.972   0.000   0.000   0.028
  10034.007   7.054253E+06     0.971   0.000   0.000   0.029
  10053.911   6.988409E+06     0.970   0.000   0.000   0.030
  10073.815   6.922584E+06     0.969   0.000   0.000   0.031
  10093.719   6.857323E+06     0.969   0.000   0.000   0.031
  10113.623   6.793234E+06     0.968   0.000   0.000   0.032
  10133.527   6.730736E+06     0.967   0.000   0.000   0.033
  10153.431   6.668995E+06     0.966   0.000   0.000   0.034
  10173.335   6.610165E+06     0.965   0.000   0.000   0.035
  10193.239   6.554030E+06     0.965   0.000   0.000   0.035
  10213.143   6.501238E+06     0.964   0.000   0.000   0.036
  10233.047   6.452990E+06     0.963   0.000   0.000   0.037
  10252.951   6.410599E+06     0.963   0.000   0.000   0.037
  10272.855   6.374487E+06     0.962   0.000   0.000   0.038
  10292.759   6.342567E+06     0.961   0.000   0.000   0.039
  10312.663   6.316103E+06     0.960   0.000   0.000   0.040
  10332.567   6.294692E+06     0.960   0.000   0.000   0.040
  10352.470   6.279560E+06     0.959   0.000   0.000   0.041
  10372.374   6.271949E+06     0.959   0.000   0.000   0.041
  10392.278   6.272681E+06     0.959   0.000   0.000   0.041
  10412.182   6.282570E+06     0.959   0.000   0.000   0.041
  10432.086   6.301184E+06     0.959   0.000   0.000   0.041
  10451.990   6.332568E+06     0.959   0.000   0.000   0.041
  10471.894   6.377189E+06     0.959   0.000   0.000   0.041
  10491.798   6.435652E+06     0.959   0.000   0.000   0.041
  10511.702   6.507774E+06     0.959   0.000   0.000   0.041
  10531.606   6.593005E+06     0.960   0.000   0.000   0.040
  10551.510   6.691349E+06     0.960   0.000   0.000   0.040
  10571.414   6.801885E+06     0.961   0.000   0.000   0.039
  10591.318   6.929729E+06     0.962   0.000   0.000   0.038
  10611.222   7.075802E+06     0.963   0.000   0.000   0.037
  10631.126   7.241101E+06     0.964   0.000   0.000   0.036
  10651.030   7.425385E+06     0.965   0.000   0.000   0.035
  10670.934   7.627857E+06     0.966   0.000   0.000   0.034
  10690.838   7.849048E+06     0.968   0.000   0.000   0.032
  10710.742   8.089448E+06     0.969   0.000   0.000   0.031
  10730.646   8.356002E+06     0.970   0.000   0.000   0.030
  10750.550   8.647801E+06     0.972   0.000   0.000   0.028
  10770.454   8.962547E+06     0.973   0.000   0.000   0.027
  10790.358   9.299761E+06     0.975   0.000   0.000   0.025
  10810.262   9.662357E+06     0.976   0.000   0.000   0.024
  10830.166   1.005290E+07     0.978   0.000   0.000   0.022
  10850.070   1.047084E+07     0.979   0.000   0.000   0.021
  10869.974   1.091065E+07     0.981   0.000   0.000   0.019
  10889.878   1.138022E+07     0.982   0.000   0.000   0.018
  10909.782   1.187857E+07     0.983   0.000   0.000   0.017
  10929.686   1.240538E+07     0.984   0.000   0.000   0.016
  10949.590   1.295911E+07     0.985   0.000   0.000   0.015
  10969.494   1.353910E+07     0.987   0.000   0.000   0.013
  10989.398   1.414532E+07     0.987   0.000   0.000   0.013
  11009.302   1.477382E+07     0.988   0.000   0.000   0.012
  11029.206   1.542751E+07     0.989   0.000   0.000   0.011
  11049.110   1.610304E+07     0.989   0.000   0.000   0.011
  11069.014   1.679624E+07     0.990   0.000   0.000   0.010
  11088.918   1.750383E+07     0.990   0.000   0.000   0.010
  11108.822   1.822572E+07     0.991   0.000   0.000   0.009
  11128.726   1.896095E+07     0.991   0.000   0.000   0.009
  11148.630   1.970288E+07     0.991   0.000   0.000   0.009
  11168.534   2.044701E+07     0.991   0.000   0.000   0.009
  11188.438   2.119197E+07     0.991   0.000   0.000   0.009
  11208.342   2.192887E+07     0.991   0.000   0.000   0.009
  11228.246   2.264796E+07     0.991   0.000   0.000   0.009
  11248.150   2.334481E+07     0.991   0.000   0.000   0.009
  11268.054   2.401307E+07     0.991   0.000   0.000   0.009
  11287.958   2.463513E+07     0.990   0.000   0.000   0.010
  11307.862   2.519767E+07     0.990   0.000   0.000   0.010
  11327.766   2.569512E+07     0.989   0.000   0.000   0.011
  11347.670   2.610683E+07     0.989   0.000   0.000   0.011
  11367.574   2.640587E+07     0.988   0.000   0.000   0.012
  11387.477   2.658169E+07     0.987   0.000   0.000   0.013
  11407.381   2.662058E+07     0.986   0.000   0.000   0.014
  11427.285   2.647614E+07     0.985   0.000   0.000   0.015
  11447.189   2.611408E+07     0.984   0.000   0.000   0.016
  11467.093   2.553796E+07     0.983   0.000   0.000   0.017
  11486.997   2.470258E+07     0.982   0.000   0.000   0.018
  11506.901   2.349283E+07     0.980   0.000   0.000   0.020
  11526.805   2.187246E+07     0.979   0.000   0.000   0.021
  11546.709   1.993376E+07     0.978   0.000   0.000   0.022
  11566.613   1.768709E+07     0.977   0.000   0.000   0.023
  11586.517   1.501993E+07     0.977   0.000   0.000   0.023
  11606.421   1.208730E+07     0.977   0.000   0.000   0.023
  11626.325   9.530412E+06     0.978   0.000   0.000   0.022
  11646.229   7.976354E+06     0.980   0.000   0.000   0.020
  11666.133   7.407420E+06     0.980   0.000   0.000   0.020
  11686.037   7.277451E+06     0.980   0.000   0.000   0.020
  11705.941   7.162349E+06     0.979   0.000   0.000   0.021
  11725.845   7.023248E+06     0.979   0.000   0.000   0.021
  11745.749   6.935453E+06     0.979   0.000   0.000   0.021
  11765.653   6.875763E+06     0.978   0.000   0.000   0.022
  11785.557   6.803314E+06     0.978   0.000   0.000   0.022
  11805.461   6.736509E+06     0.978   0.000   0.000   0.022
  11825.365   6.687260E+06     0.977   0.000   0.000   0.023
  11845.269   6.637487E+06     0.977   0.000   0.000   0.023
  11865.173   6.583067E+06     0.976   0.000   0.000   0.024
  11885.077   6.536603E+06     0.976   0.000   0.000   0.024
  11904.981   6.495364E+06     0.976   0.000   0.000   0.024
  11924.885   6.449873E+06     0.975   0.000   0.000   0.025
  11944.789   6.406474E+06     0.975   0.000   0.000   0.025
  11964.693   6.369108E+06     0.974   0.000   0.000   0.026
  11984.597   6.332325E+06     0.974   0.000   0.000   0.026
  12004.501   6.294802E+06     0.973   0.000   0.000   0.027
  12024.405   6.261524E+06     0.972   0.000   0.000   0.028
  12044.309   6.231225E+06     0.972   0.000   0.000   0.028
  12064.213   6.199138E+06     0.971   0.000   0.000   0.029
  12084.117   6.169271E+06     0.971   0.000   0.000   0.029
  12104.021   6.143737E+06     0.970   0.000   0.000   0.030
  12123.925   6.119803E+06     0.970   0.000   0.000   0.030
  12143.829   6.097077E+06     0.970   0.000   0.000   0.030
  12163.733   6.077417E+06     0.969   0.000   0.000   0.031
  12183.637   6.061677E+06     0.969   0.000   0.000   0.031
  12203.541   6.047386E+06     0.969   0.000   0.000   0.031
  12223.445   6.036171E+06     0.968   0.000   0.000   0.032
  12243.349   6.027898E+06     0.968   0.000   0.000   0.032
  12263.253   6.022755E+06     0.968   0.000   0.000   0.032
  12283.157   6.021037E+06     0.968   0.000   0.000   0.032
  12303.061   6.023114E+06     0.968   0.000   0.000   0.032
  12322.965   6.028940E+06     0.967   0.000   0.000   0.033
  12342.869   6.036971E+06     0.967   0.000   0.000   0.033
  12362.773   6.048019E+06     0.967   0.000   0.000   0.033
  12382.677   6.061747E+06     0.967   0.000   0.000   0.033
  12402.581   6.078660E+06     0.967   0.000   0.000   0.033
  12422.484   6.099438E+06     0.967   0.000   0.000   0.033
  12442.388   6.124889E+06     0.967   0.000   0.000   0.033
  12462.292   6.155556E+06     0.967   0.000   0.000   0.033
  12482.196   6.190259E+06     0.967   0.000   0.000   0.033
  12502.100   6.229897E+06     0.968   0.000   0.000   0.032
  12522.004   6.274269E+06     0.968   0.000   0.000   0.032
  12541.908   6.324183E+06     0.968   0.000   0.000   0.032
  12561.812   6.379967E+06     0.968   0.000   0.000   0.032
  12581.716   6.441107E+06     0.969   0.000   0.000   0.031
  12601.620   6.507149E+06     0.969   0.000   0.000   0.031
  12621.524   6.578378E+06     0.969   0.000   0.000   0.031
  12641.428   6.653520E+06     0.970   0.000   0.000   0.030
  12661.332   6.735508E+06     0.970   0.000   0.000   0.030
  12681.236   6.823316E+06     0.971   0.000   0.000   0.029
  12701.140   6.917294E+06     0.971   0.000   0.000   0.029
  12721.044   7.017785E+06     0.972   0.000   0.000   0.028
  12740.948   7.124650E+06     0.973   0.000   0.000   0.027
  12760.852   7.237706E+06     0.973   0.000   0.000   0.027
  12780.756   7.355569E+06     0.974   0.000   0.000   0.026
  12800.660   7.482148E+06     0.975   0.000   0.000   0.025
  12820.564   7.616619E+06     0.975   0.000   0.000   0.025
  12840.468   7.758291E+06     0.976   0.000   0.000   0.024
  12860.372   7.906460E+06     0.977   0.000   0.000   0.023
  12880.276   8.060952E+06     0.977   0.000   0.000   0.023
  12900.180   8.221550E+06     0.978   0.000   0.000   0.022
  12920.084   8.385622E+06     0.979   0.000   0.000   0.021
  12939.988   8.555848E+06     0.979   0.000   0.000   0.021
  12959.892   8.731553E+06     0.980   0.000   0.000   0.020
  12979.796   8.913277E+06     0.981   0.000   0.000   0.019
  12999.700   9.100915E+06     0.982   0.000   0.000   0.018
  13019.604   9.294087E+06     0.982   0.000   0.000   0.018
  13039.508   9.492916E+06     0.983   0.000   0.000   0.017
  13059.412   9.695990E+06     0.983   0.000   0.000   0.017
  13079.316   9.906619E+06     0.984   0.000   0.000   0.016
  13099.220   1.012324E+07     0.985   0.000   0.000   0.015
  13119.124   1.034452E+07     0.985   0.000   0.000   0.015
  13139.028   1.056890E+07     0.986   0.000   0.000   0.014
  13158.932   1.079538E+07     0.986   0.000   0.000   0.014
  13178.836   1.102376E+07     0.987   0.000   0.000   0.013
  13198.740   1.125221E+07     0.987   0.000   0.000   0.013
