 ****************** Start US v. 1.9 at 07-Dec-12 12:15:18 ******************
 
 output,0,0,0,0,0,0
 energy   5.300 GeV   current 250.0 mA
 sigx     1.070  mm   sigy    0.081 mm   sigx1  0.1433 mr   sigy1  0.0135 mr
 period   2.440  cm   N          40      Kx      0.000      Ky      2.350
 emin     500.0  eV   emax 100000.0 eV   ne       4999
 d       20.000   m   xpc     0.000 mm   ypc     0.000 mm
 xps      0.000  mm   yps     0.000 mm   nxp        10      nyp        10
 mode         4       method      4      iharm       0   
 nphi        20       nalpha     15      calpha2   2.0
 nomega      64       comega    8.0      nsigma      3
 
 e1      2906.6  eV   l1      4.266  A
 ptot    4613.7   W   pd      217.5  W/mm^2
 
 
 Flux through   0.000 mm x  0.000 mm pinhole at  0.000 mm,  0.000 mm @ 20.000 m:
 Integrated flux   5.542E+04 ph/s
 Integrated power        0.0 W
 Contributing harmonics    1 to   55
 
 Energy(eV)   Flux(ph/s/0.1%bw)   p1      p2      p3      p4
    500.000   2.087830E-02     0.982   0.000   0.000   0.018
    519.904   2.691191E-02     0.982   0.000   0.000   0.018
    539.808   3.217521E-02     0.982   0.000   0.000   0.018
    559.712   3.757527E-02     0.981   0.000   0.000   0.019
    579.616   4.355263E-02     0.981   0.000   0.000   0.019
    599.520   4.992677E-02     0.981   0.000   0.000   0.019
    619.424   5.655237E-02     0.980   0.000   0.000   0.020
    639.328   6.347353E-02     0.980   0.000   0.000   0.020
    659.232   7.066568E-02     0.980   0.000   0.000   0.020
    679.136   7.804602E-02     0.979   0.000   0.000   0.021
    699.040   8.557971E-02     0.979   0.000   0.000   0.021
    718.944   9.318908E-02     0.978   0.000   0.000   0.022
    738.848   1.007536E-01     0.978   0.000   0.000   0.022
    758.752   1.083684E-01     0.977   0.000   0.000   0.023
    778.656   1.160002E-01     0.976   0.000   0.000   0.024
    798.560   1.233836E-01     0.976   0.000   0.000   0.024
    818.464   1.305249E-01     0.975   0.000   0.000   0.025
    838.368   1.382399E-01     0.973   0.000   0.000   0.027
    858.272   1.473883E-01     0.969   0.000   0.000   0.031
    878.176   1.576175E-01     0.964   0.000   0.000   0.036
    898.080   1.676807E-01     0.959   0.000   0.000   0.041
    917.984   1.770242E-01     0.955   0.000   0.000   0.045
    937.888   1.861552E-01     0.952   0.000   0.000   0.048
    957.792   1.953754E-01     0.950   0.000   0.000   0.050
    977.696   2.039063E-01     0.947   0.000   0.000   0.053
    997.600   2.109509E-01     0.945   0.000   0.000   0.055
   1017.504   2.166951E-01     0.941   0.000   0.000   0.059
   1037.407   2.218123E-01     0.938   0.000   0.000   0.062
   1057.311   2.265045E-01     0.935   0.000   0.000   0.065
   1077.215   2.305402E-01     0.931   0.000   0.000   0.069
   1097.119   2.338375E-01     0.927   0.000   0.000   0.073
   1117.023   2.365210E-01     0.923   0.000   0.000   0.077
   1136.927   2.385886E-01     0.918   0.000   0.000   0.082
   1156.831   2.399077E-01     0.913   0.000   0.000   0.087
   1176.735   2.405261E-01     0.908   0.000   0.000   0.092
   1196.639   2.405053E-01     0.902   0.000   0.000   0.098
   1216.543   2.398130E-01     0.896   0.000   0.000   0.104
   1236.447   2.383990E-01     0.889   0.000   0.000   0.111
   1256.351   2.363358E-01     0.882   0.000   0.000   0.118
   1276.255   2.337012E-01     0.874   0.000   0.000   0.126
   1296.159   2.304405E-01     0.866   0.000   0.000   0.134
   1316.063   2.265413E-01     0.857   0.000   0.000   0.143
   1335.967   2.222648E-01     0.846   0.000   0.000   0.154
   1355.871   2.179625E-01     0.832   0.000   0.000   0.168
   1375.775   2.139106E-01     0.814   0.000   0.000   0.186
   1395.679   2.100455E-01     0.792   0.000   0.000   0.208
   1415.583   2.062986E-01     0.771   0.000   0.000   0.229
   1435.487   2.025741E-01     0.752   0.000   0.000   0.248
   1455.391   1.985831E-01     0.734   0.000   0.000   0.266
   1475.295   1.939889E-01     0.714   0.000   0.000   0.286
   1495.199   1.888191E-01     0.692   0.000   0.000   0.308
   1515.103   1.835344E-01     0.669   0.000   0.000   0.331
   1535.007   1.785908E-01     0.644   0.000   0.000   0.356
   1554.911   1.741550E-01     0.619   0.000   0.000   0.381
   1574.815   1.701027E-01     0.594   0.000   0.000   0.406
   1594.719   1.669719E-01     0.569   0.000   0.000   0.431
   1614.623   1.648128E-01     0.546   0.000   0.000   0.454
   1634.527   1.637931E-01     0.526   0.000   0.000   0.474
   1654.431   1.642036E-01     0.509   0.000   0.000   0.491
   1674.335   1.663187E-01     0.498   0.000   0.000   0.502
   1694.239   1.702336E-01     0.491   0.000   0.000   0.509
   1714.143   1.763139E-01     0.492   0.000   0.000   0.508
   1734.047   1.856771E-01     0.499   0.000   0.000   0.501
   1753.951   1.995394E-01     0.511   0.000   0.000   0.489
   1773.855   2.174675E-01     0.523   0.000   0.000   0.477
   1793.759   2.392842E-01     0.538   0.000   0.000   0.462
   1813.663   2.637904E-01     0.558   0.000   0.000   0.442
   1833.567   2.913245E-01     0.583   0.000   0.000   0.417
   1853.471   3.231816E-01     0.611   0.000   0.000   0.389
   1873.375   3.606969E-01     0.640   0.000   0.000   0.360
   1893.279   4.046975E-01     0.668   0.000   0.000   0.332
   1913.183   4.555327E-01     0.696   0.000   0.000   0.304
   1933.087   5.134164E-01     0.722   0.000   0.000   0.278
   1952.991   5.788078E-01     0.746   0.000   0.000   0.254
   1972.895   6.524791E-01     0.768   0.000   0.000   0.232
   1992.799   7.333395E-01     0.788   0.000   0.000   0.212
   2012.703   8.255257E-01     0.807   0.000   0.000   0.193
   2032.607   9.294449E-01     0.823   0.000   0.000   0.177
   2052.511   1.047275E+00     0.838   0.000   0.000   0.162
   2072.414   1.180643E+00     0.851   0.000   0.000   0.149
   2092.318   1.329647E+00     0.862   0.000   0.000   0.138
   2112.222   1.493736E+00     0.873   0.000   0.000   0.127
   2132.126   1.673810E+00     0.884   0.000   0.000   0.116
   2152.030   1.872775E+00     0.894   0.000   0.000   0.106
   2171.934   2.093528E+00     0.903   0.000   0.000   0.097
   2191.838   2.332372E+00     0.911   0.000   0.000   0.089
   2211.742   2.599326E+00     0.918   0.000   0.000   0.082
   2231.646   2.895575E+00     0.925   0.000   0.000   0.075
   2251.550   3.226888E+00     0.931   0.000   0.000   0.069
   2271.454   3.598158E+00     0.936   0.000   0.000   0.064
   2291.358   4.011057E+00     0.941   0.000   0.000   0.059
   2311.262   4.472675E+00     0.946   0.000   0.000   0.054
   2331.166   4.981716E+00     0.951   0.000   0.000   0.049
   2351.070   5.502633E+00     0.955   0.000   0.000   0.045
   2370.974   6.013220E+00     0.958   0.000   0.000   0.042
   2390.878   6.631292E+00     0.961   0.000   0.000   0.039
   2410.782   7.370015E+00     0.964   0.000   0.000   0.036
   2430.686   8.097468E+00     0.967   0.000   0.000   0.033
   2450.590   8.847030E+00     0.969   0.000   0.000   0.031
   2470.494   9.777221E+00     0.972   0.000   0.000   0.028
   2490.398   1.082499E+01     0.975   0.000   0.000   0.025
   2510.302   1.185884E+01     0.977   0.000   0.000   0.023
   2530.206   1.303463E+01     0.978   0.000   0.000   0.022
   2550.110   1.449303E+01     0.980   0.000   0.000   0.020
   2570.014   1.602820E+01     0.982   0.000   0.000   0.018
   2589.918   1.757671E+01     0.984   0.000   0.000   0.016
   2609.822   1.948047E+01     0.985   0.000   0.000   0.015
   2629.726   2.178487E+01     0.987   0.000   0.000   0.013
   2649.630   2.412644E+01     0.988   0.000   0.000   0.012
   2669.534   2.668991E+01     0.989   0.000   0.000   0.011
   2689.438   3.006394E+01     0.991   0.000   0.000   0.009
   2709.342   3.400977E+01     0.992   0.000   0.000   0.008
   2729.246   3.810073E+01     0.993   0.000   0.000   0.007
   2749.150   4.334528E+01     0.994   0.000   0.000   0.006
   2769.054   5.070294E+01     0.995   0.000   0.000   0.005
   2788.958   5.890209E+01     0.996   0.000   0.000   0.004
   2808.862   6.768081E+01     0.997   0.000   0.000   0.003
   2828.766   8.150344E+01     0.998   0.000   0.000   0.002
   2848.670   1.025839E+02     0.998   0.000   0.000   0.002
   2868.574   1.196934E+02     0.999   0.000   0.000   0.001
   2888.478   1.138254E+02     0.999   0.000   0.000   0.001
   2908.382   8.041613E+01     0.999   0.000   0.000   0.001
   2928.286   3.855715E+01     0.998   0.000   0.000   0.002
   2948.190   1.161847E+01     0.992   0.000   0.000   0.008
   2968.094   4.295285E+00     0.979   0.000   0.000   0.021
   2987.998   4.895068E+00     0.981   0.000   0.000   0.019
   3007.902   4.028598E+00     0.977   0.000   0.000   0.023
   3027.806   2.126852E+00     0.955   0.000   0.000   0.045
   3047.710   1.758696E+00     0.945   0.000   0.000   0.055
   3067.614   2.025185E+00     0.951   0.000   0.000   0.049
   3087.518   1.559635E+00     0.935   0.000   0.000   0.065
   3107.421   1.044116E+00     0.902   0.000   0.000   0.098
   3127.325   1.123993E+00     0.907   0.000   0.000   0.093
   3147.229   1.178495E+00     0.910   0.000   0.000   0.090
   3167.133   8.877728E-01     0.878   0.000   0.000   0.122
   3187.037   7.479484E-01     0.853   0.000   0.000   0.147
   3206.941   8.598269E-01     0.870   0.000   0.000   0.130
   3226.845   8.225961E-01     0.861   0.000   0.000   0.139
   3246.749   6.543975E-01     0.822   0.000   0.000   0.178
   3266.653   6.557022E-01     0.820   0.000   0.000   0.180
   3286.557   7.315607E-01     0.836   0.000   0.000   0.164
   3306.461   6.652736E-01     0.816   0.000   0.000   0.184
   3326.365   5.885376E-01     0.789   0.000   0.000   0.211
   3346.269   6.410046E-01     0.803   0.000   0.000   0.197
   3366.173   6.757073E-01     0.810   0.000   0.000   0.190
   3386.077   6.144430E-01     0.788   0.000   0.000   0.212
   3405.981   5.999872E-01     0.780   0.000   0.000   0.220
   3425.885   6.579752E-01     0.796   0.000   0.000   0.204
   3445.789   6.591762E-01     0.793   0.000   0.000   0.207
   3465.693   6.098304E-01     0.773   0.000   0.000   0.227
   3485.597   6.193555E-01     0.773   0.000   0.000   0.227
   3505.501   6.605087E-01     0.783   0.000   0.000   0.217
   3525.405   7.045161E-01     0.792   0.000   0.000   0.208
   3545.309   7.529057E-01     0.800   0.000   0.000   0.200
   3565.213   8.056676E-01     0.807   0.000   0.000   0.193
   3585.117   8.617996E-01     0.814   0.000   0.000   0.186
   3605.021   9.197974E-01     0.821   0.000   0.000   0.179
   3624.925   9.792126E-01     0.829   0.000   0.000   0.171
   3644.829   1.040972E+00     0.837   0.000   0.000   0.163
   3664.733   1.106167E+00     0.845   0.000   0.000   0.155
   3684.637   1.175095E+00     0.852   0.000   0.000   0.148
   3704.541   1.247620E+00     0.858   0.000   0.000   0.142
   3724.445   1.323216E+00     0.865   0.000   0.000   0.135
   3744.349   1.403250E+00     0.871   0.000   0.000   0.129
   3764.253   1.487420E+00     0.877   0.000   0.000   0.123
   3784.157   1.575752E+00     0.883   0.000   0.000   0.117
   3804.061   1.668454E+00     0.888   0.000   0.000   0.112
   3823.965   1.765784E+00     0.893   0.000   0.000   0.107
   3843.869   1.867824E+00     0.898   0.000   0.000   0.102
   3863.773   1.974664E+00     0.902   0.000   0.000   0.098
   3883.677   2.086571E+00     0.907   0.000   0.000   0.093
   3903.581   2.203763E+00     0.911   0.000   0.000   0.089
   3923.485   2.326270E+00     0.915   0.000   0.000   0.085
   3943.389   2.452986E+00     0.919   0.000   0.000   0.081
   3963.293   2.586308E+00     0.922   0.000   0.000   0.078
   3983.197   2.725569E+00     0.926   0.000   0.000   0.074
   4003.101   2.870694E+00     0.929   0.000   0.000   0.071
   4023.005   3.021781E+00     0.932   0.000   0.000   0.068
   4042.909   3.179087E+00     0.935   0.000   0.000   0.065
   4062.813   3.342483E+00     0.938   0.000   0.000   0.062
   4082.717   3.512217E+00     0.941   0.000   0.000   0.059
   4102.621   3.690612E+00     0.943   0.000   0.000   0.057
   4122.525   3.881170E+00     0.945   0.000   0.000   0.055
   4142.428   4.082945E+00     0.946   0.000   0.000   0.054
   4162.332   4.294618E+00     0.948   0.000   0.000   0.052
   4182.236   4.510620E+00     0.950   0.000   0.000   0.050
   4202.140   4.730595E+00     0.952   0.000   0.000   0.048
   4222.044   4.957615E+00     0.954   0.000   0.000   0.046
   4241.948   5.193984E+00     0.956   0.000   0.000   0.044
   4261.852   5.439704E+00     0.958   0.000   0.000   0.042
   4281.756   5.694223E+00     0.959   0.000   0.000   0.041
   4301.660   5.957750E+00     0.961   0.000   0.000   0.039
   4321.564   6.230820E+00     0.963   0.000   0.000   0.037
   4341.468   6.513719E+00     0.964   0.000   0.000   0.036
   4361.372   6.803785E+00     0.966   0.000   0.000   0.034
   4381.276   7.105887E+00     0.967   0.000   0.000   0.033
   4401.180   7.418538E+00     0.969   0.000   0.000   0.031
   4421.084   7.742138E+00     0.970   0.000   0.000   0.030
   4440.988   8.076220E+00     0.971   0.000   0.000   0.029
   4460.892   8.419981E+00     0.972   0.000   0.000   0.028
   4480.796   8.774923E+00     0.973   0.000   0.000   0.027
   4500.700   9.146149E+00     0.975   0.000   0.000   0.025
   4520.604   9.538083E+00     0.976   0.000   0.000   0.024
   4540.508   9.948360E+00     0.977   0.000   0.000   0.023
   4560.412   1.036552E+01     0.978   0.000   0.000   0.022
   4580.316   1.078932E+01     0.978   0.000   0.000   0.022
   4600.220   1.121953E+01     0.979   0.000   0.000   0.021
   4620.124   1.166118E+01     0.980   0.000   0.000   0.020
   4640.028   1.211602E+01     0.981   0.000   0.000   0.019
   4659.932   1.258287E+01     0.982   0.000   0.000   0.018
   4679.836   1.306179E+01     0.983   0.000   0.000   0.017
   4699.740   1.355401E+01     0.984   0.000   0.000   0.016
   4719.644   1.405899E+01     0.984   0.000   0.000   0.016
   4739.548   1.457546E+01     0.985   0.000   0.000   0.015
   4759.452   1.510624E+01     0.986   0.000   0.000   0.014
   4779.356   1.565302E+01     0.986   0.000   0.000   0.014
   4799.260   1.622738E+01     0.987   0.000   0.000   0.013
   4819.164   1.681969E+01     0.988   0.000   0.000   0.012
   4839.068   1.741940E+01     0.988   0.000   0.000   0.012
   4858.972   1.802175E+01     0.989   0.000   0.000   0.011
   4878.876   1.863089E+01     0.989   0.000   0.000   0.011
   4898.780   1.925236E+01     0.990   0.000   0.000   0.010
   4918.684   1.988590E+01     0.990   0.000   0.000   0.010
   4938.588   2.052856E+01     0.991   0.000   0.000   0.009
   4958.492   2.118278E+01     0.991   0.000   0.000   0.009
   4978.396   2.185114E+01     0.991   0.000   0.000   0.009
   4998.300   2.254506E+01     0.992   0.000   0.000   0.008
   5018.204   2.325404E+01     0.992   0.000   0.000   0.008
   5038.108   2.396598E+01     0.993   0.000   0.000   0.007
   5058.012   2.467402E+01     0.993   0.000   0.000   0.007
   5077.916   2.538149E+01     0.993   0.000   0.000   0.007
   5097.820   2.609796E+01     0.993   0.000   0.000   0.007
   5117.724   2.682999E+01     0.994   0.000   0.000   0.006
   5137.628   2.757337E+01     0.994   0.000   0.000   0.006
   5157.532   2.831505E+01     0.994   0.000   0.000   0.006
   5177.435   2.904167E+01     0.994   0.000   0.000   0.006
   5197.339   2.976228E+01     0.994   0.000   0.000   0.006
   5217.243   3.048249E+01     0.994   0.000   0.000   0.006
   5237.147   3.120277E+01     0.994   0.000   0.000   0.006
   5257.051   3.191602E+01     0.995   0.000   0.000   0.005
   5276.955   3.261509E+01     0.995   0.000   0.000   0.005
   5296.859   3.329632E+01     0.994   0.000   0.000   0.006
   5316.763   3.395882E+01     0.994   0.000   0.000   0.006
   5336.667   3.460383E+01     0.994   0.000   0.000   0.006
   5356.571   3.522700E+01     0.994   0.000   0.000   0.006
   5376.475   3.581538E+01     0.994   0.000   0.000   0.006
   5396.379   3.635931E+01     0.993   0.000   0.000   0.007
   5416.283   3.686000E+01     0.993   0.000   0.000   0.007
   5436.187   3.731050E+01     0.992   0.000   0.000   0.008
   5456.091   3.769380E+01     0.991   0.000   0.000   0.009
   5475.995   3.800170E+01     0.991   0.000   0.000   0.009
   5495.899   3.823299E+01     0.989   0.000   0.000   0.011
   5515.803   3.836806E+01     0.988   0.000   0.000   0.012
   5535.707   3.837676E+01     0.986   0.000   0.000   0.014
   5555.611   3.824821E+01     0.984   0.000   0.000   0.016
   5575.515   3.797124E+01     0.982   0.000   0.000   0.018
   5595.419   3.749947E+01     0.979   0.000   0.000   0.021
   5615.323   3.679412E+01     0.977   0.000   0.000   0.023
   5635.227   3.585761E+01     0.973   0.000   0.000   0.027
   5655.131   3.464939E+01     0.970   0.000   0.000   0.030
   5675.035   3.302449E+01     0.966   0.000   0.000   0.034
   5694.939   3.088508E+01     0.961   0.000   0.000   0.039
   5714.843   2.831065E+01     0.956   0.000   0.000   0.044
   5734.747   2.533995E+01     0.950   0.000   0.000   0.050
   5754.651   2.172707E+01     0.944   0.000   0.000   0.056
   5774.555   1.727986E+01     0.940   0.000   0.000   0.060
   5794.459   1.250917E+01     0.939   0.000   0.000   0.061
   5814.363   8.567596E+00     0.942   0.000   0.000   0.058
   5834.267   6.300409E+00     0.948   0.000   0.000   0.052
   5854.171   5.525208E+00     0.953   0.000   0.000   0.047
   5874.075   5.421413E+00     0.954   0.000   0.000   0.046
   5893.979   5.396304E+00     0.955   0.000   0.000   0.045
   5913.883   5.364778E+00     0.957   0.000   0.000   0.043
   5933.787   5.404844E+00     0.958   0.000   0.000   0.042
   5953.691   5.493939E+00     0.959   0.000   0.000   0.041
   5973.595   5.581227E+00     0.960   0.000   0.000   0.040
   5993.499   5.677592E+00     0.961   0.000   0.000   0.039
   6013.403   5.799116E+00     0.962   0.000   0.000   0.038
   6033.307   5.930856E+00     0.963   0.000   0.000   0.037
   6053.211   6.061680E+00     0.964   0.000   0.000   0.036
   6073.115   6.203014E+00     0.965   0.000   0.000   0.035
   6093.019   6.357076E+00     0.966   0.000   0.000   0.034
   6112.923   6.513792E+00     0.967   0.000   0.000   0.033
   6132.827   6.673170E+00     0.968   0.000   0.000   0.032
   6152.731   6.841418E+00     0.969   0.000   0.000   0.031
   6172.635   7.016974E+00     0.970   0.000   0.000   0.030
   6192.539   7.199158E+00     0.971   0.000   0.000   0.029
   6212.442   7.394468E+00     0.972   0.000   0.000   0.028
   6232.346   7.599960E+00     0.972   0.000   0.000   0.028
   6252.250   7.807289E+00     0.973   0.000   0.000   0.027
   6272.154   8.009477E+00     0.974   0.000   0.000   0.026
   6292.058   8.212599E+00     0.975   0.000   0.000   0.025
   6311.962   8.421150E+00     0.976   0.000   0.000   0.024
   6331.866   8.633966E+00     0.976   0.000   0.000   0.024
   6351.770   8.849245E+00     0.977   0.000   0.000   0.023
   6371.674   9.069678E+00     0.978   0.000   0.000   0.022
   6391.578   9.295947E+00     0.978   0.000   0.000   0.022
   6411.482   9.525693E+00     0.979   0.000   0.000   0.021
   6431.386   9.756118E+00     0.980   0.000   0.000   0.020
   6451.290   9.990431E+00     0.980   0.000   0.000   0.020
   6471.194   1.022753E+01     0.981   0.000   0.000   0.019
   6491.098   1.046729E+01     0.981   0.000   0.000   0.019
   6511.002   1.070935E+01     0.982   0.000   0.000   0.018
   6530.906   1.095374E+01     0.982   0.000   0.000   0.018
   6550.810   1.120059E+01     0.983   0.000   0.000   0.017
   6570.714   1.144961E+01     0.983   0.000   0.000   0.017
   6590.618   1.170046E+01     0.984   0.000   0.000   0.016
   6610.522   1.195329E+01     0.984   0.000   0.000   0.016
   6630.426   1.220812E+01     0.985   0.000   0.000   0.015
   6650.330   1.246160E+01     0.985   0.000   0.000   0.015
   6670.234   1.271812E+01     0.986   0.000   0.000   0.014
   6690.138   1.297628E+01     0.986   0.000   0.000   0.014
   6710.042   1.323601E+01     0.986   0.000   0.000   0.014
   6729.946   1.349596E+01     0.987   0.000   0.000   0.013
   6749.850   1.375655E+01     0.987   0.000   0.000   0.013
   6769.754   1.402270E+01     0.988   0.000   0.000   0.012
   6789.658   1.429966E+01     0.988   0.000   0.000   0.012
   6809.562   1.458524E+01     0.988   0.000   0.000   0.012
   6829.466   1.486959E+01     0.988   0.000   0.000   0.012
   6849.370   1.514217E+01     0.988   0.000   0.000   0.012
   6869.274   1.540840E+01     0.988   0.000   0.000   0.012
   6889.178   1.567233E+01     0.988   0.000   0.000   0.012
   6909.082   1.593606E+01     0.989   0.000   0.000   0.011
   6928.986   1.619739E+01     0.989   0.000   0.000   0.011
   6948.890   1.645503E+01     0.989   0.000   0.000   0.011
   6968.794   1.670998E+01     0.989   0.000   0.000   0.011
   6988.698   1.696265E+01     0.989   0.000   0.000   0.011
   7008.602   1.721215E+01     0.989   0.000   0.000   0.011
   7028.506   1.745832E+01     0.990   0.000   0.000   0.010
   7048.410   1.770137E+01     0.990   0.000   0.000   0.010
   7068.314   1.793704E+01     0.990   0.000   0.000   0.010
   7088.218   1.816985E+01     0.990   0.000   0.000   0.010
   7108.122   1.839969E+01     0.990   0.000   0.000   0.010
   7128.026   1.862927E+01     0.990   0.000   0.000   0.010
   7147.930   1.885731E+01     0.990   0.000   0.000   0.010
   7167.834   1.907985E+01     0.990   0.000   0.000   0.010
   7187.738   1.929624E+01     0.990   0.000   0.000   0.010
   7207.642   1.950947E+01     0.990   0.000   0.000   0.010
   7227.546   1.971946E+01     0.990   0.000   0.000   0.010
   7247.449   1.992001E+01     0.990   0.000   0.000   0.010
   7267.353   2.010257E+01     0.990   0.000   0.000   0.010
   7287.257   2.027161E+01     0.990   0.000   0.000   0.010
   7307.161   2.042967E+01     0.990   0.000   0.000   0.010
   7327.065   2.057848E+01     0.990   0.000   0.000   0.010
   7346.969   2.071642E+01     0.990   0.000   0.000   0.010
   7366.873   2.084245E+01     0.990   0.000   0.000   0.010
   7386.777   2.095702E+01     0.990   0.000   0.000   0.010
   7406.681   2.105961E+01     0.990   0.000   0.000   0.010
   7426.585   2.114869E+01     0.990   0.000   0.000   0.010
   7446.489   2.122477E+01     0.989   0.000   0.000   0.011
   7466.393   2.128888E+01     0.989   0.000   0.000   0.011
   7486.297   2.134460E+01     0.989   0.000   0.000   0.011
   7506.201   2.138737E+01     0.989   0.000   0.000   0.011
   7526.105   2.141193E+01     0.988   0.000   0.000   0.012
   7546.009   2.141583E+01     0.988   0.000   0.000   0.012
   7565.913   2.140023E+01     0.988   0.000   0.000   0.012
   7585.817   2.136717E+01     0.987   0.000   0.000   0.013
   7605.721   2.131698E+01     0.987   0.000   0.000   0.013
   7625.625   2.124849E+01     0.986   0.000   0.000   0.014
   7645.529   2.116088E+01     0.986   0.000   0.000   0.014
   7665.433   2.105479E+01     0.985   0.000   0.000   0.015
   7685.337   2.092992E+01     0.985   0.000   0.000   0.015
   7705.241   2.078903E+01     0.984   0.000   0.000   0.016
   7725.145   2.062931E+01     0.983   0.000   0.000   0.017
   7745.049   2.044835E+01     0.983   0.000   0.000   0.017
   7764.953   2.024503E+01     0.982   0.000   0.000   0.018
   7784.857   2.002017E+01     0.981   0.000   0.000   0.019
   7804.761   1.977548E+01     0.980   0.000   0.000   0.020
   7824.665   1.951213E+01     0.979   0.000   0.000   0.021
   7844.569   1.923052E+01     0.978   0.000   0.000   0.022
   7864.473   1.893082E+01     0.977   0.000   0.000   0.023
   7884.377   1.861093E+01     0.975   0.000   0.000   0.025
   7904.281   1.827392E+01     0.974   0.000   0.000   0.026
   7924.185   1.791992E+01     0.972   0.000   0.000   0.028
   7944.089   1.755188E+01     0.971   0.000   0.000   0.029
   7963.993   1.717267E+01     0.969   0.000   0.000   0.031
   7983.897   1.678334E+01     0.967   0.000   0.000   0.033
   8003.801   1.638459E+01     0.964   0.000   0.000   0.036
   8023.705   1.597935E+01     0.962   0.000   0.000   0.038
   8043.609   1.557220E+01     0.960   0.000   0.000   0.040
   8063.513   1.516709E+01     0.957   0.000   0.000   0.043
   8083.417   1.475969E+01     0.955   0.000   0.000   0.045
   8103.321   1.436956E+01     0.952   0.000   0.000   0.048
   8123.225   1.399873E+01     0.949   0.000   0.000   0.051
   8143.129   1.365084E+01     0.946   0.000   0.000   0.054
   8163.033   1.331531E+01     0.943   0.000   0.000   0.057
   8182.937   1.297921E+01     0.940   0.000   0.000   0.060
   8202.841   1.271056E+01     0.937   0.000   0.000   0.063
   8222.745   1.253652E+01     0.935   0.000   0.000   0.065
   8242.649   1.240899E+01     0.933   0.000   0.000   0.067
   8262.553   1.236120E+01     0.931   0.000   0.000   0.069
   8282.456   1.248862E+01     0.930   0.000   0.000   0.070
   8302.360   1.275506E+01     0.931   0.000   0.000   0.069
   8322.264   1.307798E+01     0.932   0.000   0.000   0.068
   8342.168   1.354109E+01     0.934   0.000   0.000   0.066
   8362.072   1.426022E+01     0.937   0.000   0.000   0.063
   8381.976   1.517096E+01     0.941   0.000   0.000   0.059
   8401.880   1.625358E+01     0.946   0.000   0.000   0.054
   8421.784   1.770411E+01     0.951   0.000   0.000   0.049
   8441.688   1.959349E+01     0.956   0.000   0.000   0.044
   8461.592   2.176900E+01     0.962   0.000   0.000   0.038
   8481.496   2.433301E+01     0.967   0.000   0.000   0.033
   8501.400   2.761829E+01     0.972   0.000   0.000   0.028
   8521.304   3.155395E+01     0.977   0.000   0.000   0.023
   8541.208   3.592022E+01     0.981   0.000   0.000   0.019
   8561.112   4.114151E+01     0.985   0.000   0.000   0.015
   8581.016   4.761812E+01     0.988   0.000   0.000   0.012
   8600.920   5.467063E+01     0.991   0.000   0.000   0.009
   8620.824   6.210489E+01     0.993   0.000   0.000   0.007
   8640.728   7.186759E+01     0.995   0.000   0.000   0.005
   8660.632   8.426422E+01     0.997   0.000   0.000   0.003
   8680.536   9.245039E+01     0.997   0.000   0.000   0.003
   8700.440   8.618858E+01     0.998   0.000   0.000   0.002
   8720.344   6.406693E+01     0.997   0.000   0.000   0.003
   8740.248   3.791193E+01     0.995   0.000   0.000   0.005
   8760.152   2.132888E+01     0.992   0.000   0.000   0.008
   8780.056   1.676514E+01     0.990   0.000   0.000   0.010
   8799.960   1.713238E+01     0.990   0.000   0.000   0.010
   8819.864   1.673666E+01     0.990   0.000   0.000   0.010
   8839.768   1.570941E+01     0.989   0.000   0.000   0.011
   8859.672   1.556476E+01     0.989   0.000   0.000   0.011
   8879.576   1.582685E+01     0.990   0.000   0.000   0.010
   8899.480   1.568105E+01     0.990   0.000   0.000   0.010
   8919.384   1.549113E+01     0.989   0.000   0.000   0.011
   8939.288   1.564292E+01     0.989   0.000   0.000   0.011
   8959.192   1.579407E+01     0.989   0.000   0.000   0.011
   8979.096   1.573699E+01     0.989   0.000   0.000   0.011
   8999.000   1.574842E+01     0.989   0.000   0.000   0.011
   9018.904   1.590533E+01     0.989   0.000   0.000   0.011
   9038.808   1.598486E+01     0.989   0.000   0.000   0.011
   9058.712   1.598603E+01     0.989   0.000   0.000   0.011
   9078.616   1.607889E+01     0.989   0.000   0.000   0.011
   9098.520   1.621368E+01     0.989   0.000   0.000   0.011
   9118.424   1.625903E+01     0.989   0.000   0.000   0.011
   9138.328   1.628051E+01     0.989   0.000   0.000   0.011
   9158.232   1.636911E+01     0.989   0.000   0.000   0.011
   9178.136   1.644689E+01     0.989   0.000   0.000   0.011
   9198.040   1.646318E+01     0.988   0.000   0.000   0.012
   9217.944   1.649543E+01     0.988   0.000   0.000   0.012
   9237.848   1.656659E+01     0.988   0.000   0.000   0.012
   9257.752   1.659853E+01     0.988   0.000   0.000   0.012
   9277.656   1.659492E+01     0.988   0.000   0.000   0.012
   9297.560   1.661936E+01     0.988   0.000   0.000   0.012
   9317.463   1.665681E+01     0.988   0.000   0.000   0.012
   9337.367   1.668884E+01     0.988   0.000   0.000   0.012
   9357.271   1.671282E+01     0.988   0.000   0.000   0.012
   9377.175   1.673254E+01     0.987   0.000   0.000   0.013
   9397.079   1.674647E+01     0.987   0.000   0.000   0.013
   9416.983   1.675450E+01     0.987   0.000   0.000   0.013
   9436.887   1.675651E+01     0.987   0.000   0.000   0.013
   9456.791   1.675254E+01     0.987   0.000   0.000   0.013
   9476.695   1.674254E+01     0.986   0.000   0.000   0.014
   9496.599   1.672646E+01     0.986   0.000   0.000   0.014
   9516.503   1.670434E+01     0.986   0.000   0.000   0.014
   9536.407   1.667611E+01     0.986   0.000   0.000   0.014
   9556.311   1.663992E+01     0.985   0.000   0.000   0.015
   9576.215   1.659915E+01     0.985   0.000   0.000   0.015
   9596.119   1.655394E+01     0.985   0.000   0.000   0.015
   9616.023   1.650529E+01     0.984   0.000   0.000   0.016
   9635.927   1.645266E+01     0.984   0.000   0.000   0.016
   9655.831   1.639404E+01     0.983   0.000   0.000   0.017
   9675.735   1.632762E+01     0.983   0.000   0.000   0.017
   9695.639   1.625307E+01     0.982   0.000   0.000   0.018
   9715.543   1.617142E+01     0.982   0.000   0.000   0.018
   9735.447   1.608383E+01     0.981   0.000   0.000   0.019
   9755.351   1.598951E+01     0.981   0.000   0.000   0.019
   9775.255   1.589070E+01     0.980   0.000   0.000   0.020
   9795.159   1.578685E+01     0.980   0.000   0.000   0.020
   9815.063   1.567827E+01     0.979   0.000   0.000   0.021
   9834.967   1.556521E+01     0.979   0.000   0.000   0.021
   9854.871   1.544792E+01     0.978   0.000   0.000   0.022
   9874.775   1.532678E+01     0.978   0.000   0.000   0.022
   9894.679   1.520217E+01     0.977   0.000   0.000   0.023
   9914.583   1.507438E+01     0.976   0.000   0.000   0.024
   9934.487   1.494376E+01     0.976   0.000   0.000   0.024
   9954.391   1.481096E+01     0.975   0.000   0.000   0.025
   9974.295   1.467493E+01     0.974   0.000   0.000   0.026
   9994.199   1.453910E+01     0.973   0.000   0.000   0.027
  10014.103   1.440286E+01     0.972   0.000   0.000   0.028
  10034.007   1.426667E+01     0.972   0.000   0.000   0.028
  10053.911   1.413090E+01     0.971   0.000   0.000   0.029
  10073.815   1.399581E+01     0.970   0.000   0.000   0.030
  10093.719   1.386176E+01     0.969   0.000   0.000   0.031
  10113.623   1.372946E+01     0.968   0.000   0.000   0.032
  10133.527   1.359991E+01     0.967   0.000   0.000   0.033
  10153.431   1.347426E+01     0.966   0.000   0.000   0.034
  10173.335   1.335168E+01     0.965   0.000   0.000   0.035
  10193.239   1.323573E+01     0.965   0.000   0.000   0.035
  10213.143   1.312607E+01     0.964   0.000   0.000   0.036
  10233.047   1.302431E+01     0.963   0.000   0.000   0.037
  10252.951   1.293279E+01     0.962   0.000   0.000   0.038
  10272.855   1.285266E+01     0.962   0.000   0.000   0.038
  10292.759   1.278330E+01     0.961   0.000   0.000   0.039
  10312.663   1.272526E+01     0.960   0.000   0.000   0.040
  10332.567   1.268277E+01     0.960   0.000   0.000   0.040
  10352.470   1.266055E+01     0.959   0.000   0.000   0.041
  10372.374   1.265810E+01     0.959   0.000   0.000   0.041
  10392.278   1.266677E+01     0.959   0.000   0.000   0.041
  10412.182   1.269001E+01     0.959   0.000   0.000   0.041
  10432.086   1.273009E+01     0.958   0.000   0.000   0.042
  10451.990   1.279406E+01     0.958   0.000   0.000   0.042
  10471.894   1.288489E+01     0.959   0.000   0.000   0.041
  10491.798   1.300115E+01     0.959   0.000   0.000   0.041
  10511.702   1.314134E+01     0.959   0.000   0.000   0.041
  10531.606   1.330663E+01     0.960   0.000   0.000   0.040
  10551.510   1.350010E+01     0.960   0.000   0.000   0.040
  10571.414   1.372571E+01     0.961   0.000   0.000   0.039
  10591.318   1.398318E+01     0.962   0.000   0.000   0.038
  10611.222   1.428342E+01     0.963   0.000   0.000   0.037
  10631.126   1.462327E+01     0.964   0.000   0.000   0.036
  10651.030   1.499927E+01     0.965   0.000   0.000   0.035
  10670.934   1.541011E+01     0.966   0.000   0.000   0.034
  10690.838   1.586211E+01     0.968   0.000   0.000   0.032
  10710.742   1.636619E+01     0.969   0.000   0.000   0.031
  10730.646   1.692740E+01     0.970   0.000   0.000   0.030
  10750.550   1.753965E+01     0.972   0.000   0.000   0.028
  10770.454   1.819367E+01     0.973   0.000   0.000   0.027
  10790.358   1.888879E+01     0.975   0.000   0.000   0.025
  10810.262   1.962606E+01     0.976   0.000   0.000   0.024
  10830.166   2.042652E+01     0.978   0.000   0.000   0.022
  10850.070   2.128578E+01     0.979   0.000   0.000   0.021
  10869.974   2.220043E+01     0.981   0.000   0.000   0.019
  10889.878   2.316871E+01     0.982   0.000   0.000   0.018
  10909.782   2.419180E+01     0.983   0.000   0.000   0.017
  10929.686   2.527119E+01     0.985   0.000   0.000   0.015
  10949.590   2.640673E+01     0.986   0.000   0.000   0.014
  10969.494   2.759690E+01     0.987   0.000   0.000   0.013
  10989.398   2.883601E+01     0.988   0.000   0.000   0.012
  11009.302   3.013077E+01     0.988   0.000   0.000   0.012
  11029.206   3.147568E+01     0.989   0.000   0.000   0.011
  11049.110   3.286266E+01     0.989   0.000   0.000   0.011
  11069.014   3.428684E+01     0.990   0.000   0.000   0.010
  11088.918   3.574507E+01     0.990   0.000   0.000   0.010
  11108.822   3.723234E+01     0.991   0.000   0.000   0.009
  11128.726   3.874093E+01     0.991   0.000   0.000   0.009
  11148.630   4.026669E+01     0.991   0.000   0.000   0.009
  11168.534   4.180358E+01     0.991   0.000   0.000   0.009
  11188.438   4.333575E+01     0.991   0.000   0.000   0.009
  11208.342   4.484770E+01     0.991   0.000   0.000   0.009
  11228.246   4.632966E+01     0.991   0.000   0.000   0.009
  11248.150   4.776911E+01     0.991   0.000   0.000   0.009
  11268.054   4.913576E+01     0.991   0.000   0.000   0.009
  11287.958   5.040875E+01     0.990   0.000   0.000   0.010
  11307.862   5.157493E+01     0.990   0.000   0.000   0.010
  11327.766   5.259992E+01     0.989   0.000   0.000   0.011
  11347.670   5.343635E+01     0.989   0.000   0.000   0.011
  11367.574   5.405880E+01     0.988   0.000   0.000   0.012
  11387.477   5.443892E+01     0.987   0.000   0.000   0.013
  11407.381   5.450184E+01     0.986   0.000   0.000   0.014
  11427.285   5.417734E+01     0.985   0.000   0.000   0.015
  11447.189   5.346065E+01     0.984   0.000   0.000   0.016
  11467.093   5.229649E+01     0.983   0.000   0.000   0.017
  11486.997   5.048880E+01     0.982   0.000   0.000   0.018
  11506.901   4.789333E+01     0.980   0.000   0.000   0.020
  11526.805   4.463069E+01     0.979   0.000   0.000   0.021
  11546.709   4.083921E+01     0.978   0.000   0.000   0.022
  11566.613   3.629136E+01     0.977   0.000   0.000   0.023
  11586.517   3.071260E+01     0.977   0.000   0.000   0.023
  11606.421   2.462542E+01     0.977   0.000   0.000   0.023
  11626.325   1.942888E+01     0.979   0.000   0.000   0.021
  11646.229   1.626952E+01     0.980   0.000   0.000   0.020
  11666.133   1.503869E+01     0.980   0.000   0.000   0.020
  11686.037   1.471584E+01     0.980   0.000   0.000   0.020
  11705.941   1.448849E+01     0.979   0.000   0.000   0.021
  11725.845   1.421398E+01     0.979   0.000   0.000   0.021
  11745.749   1.401369E+01     0.979   0.000   0.000   0.021
  11765.653   1.388101E+01     0.978   0.000   0.000   0.022
  11785.557   1.374315E+01     0.978   0.000   0.000   0.022
  11805.461   1.360417E+01     0.978   0.000   0.000   0.022
  11825.365   1.349265E+01     0.977   0.000   0.000   0.023
  11845.269   1.339066E+01     0.977   0.000   0.000   0.023
  11865.173   1.328286E+01     0.977   0.000   0.000   0.023
  11885.077   1.318107E+01     0.976   0.000   0.000   0.024
  11904.981   1.309202E+01     0.976   0.000   0.000   0.024
  11924.885   1.300345E+01     0.975   0.000   0.000   0.025
  11944.789   1.291301E+01     0.975   0.000   0.000   0.025
  11964.693   1.283009E+01     0.974   0.000   0.000   0.026
  11984.597   1.275378E+01     0.974   0.000   0.000   0.026
  12004.501   1.267731E+01     0.973   0.000   0.000   0.027
  12024.405   1.260380E+01     0.973   0.000   0.000   0.027
  12044.309   1.253673E+01     0.972   0.000   0.000   0.028
  12064.213   1.247419E+01     0.972   0.000   0.000   0.028
  12084.117   1.241274E+01     0.971   0.000   0.000   0.029
  12104.021   1.235597E+01     0.970   0.000   0.000   0.030
  12123.925   1.230506E+01     0.970   0.000   0.000   0.030
  12143.829   1.225815E+01     0.970   0.000   0.000   0.030
  12163.733   1.221394E+01     0.969   0.000   0.000   0.031
  12183.637   1.217663E+01     0.969   0.000   0.000   0.031
  12203.541   1.214767E+01     0.969   0.000   0.000   0.031
  12223.445   1.212365E+01     0.968   0.000   0.000   0.032
  12243.349   1.210489E+01     0.968   0.000   0.000   0.032
  12263.253   1.208966E+01     0.968   0.000   0.000   0.032
  12283.157   1.208126E+01     0.968   0.000   0.000   0.032
  12303.061   1.207889E+01     0.968   0.000   0.000   0.032
  12322.965   1.208342E+01     0.967   0.000   0.000   0.033
  12342.869   1.209485E+01     0.967   0.000   0.000   0.033
  12362.773   1.211295E+01     0.967   0.000   0.000   0.033
  12382.677   1.213979E+01     0.967   0.000   0.000   0.033
  12402.581   1.217913E+01     0.967   0.000   0.000   0.033
  12422.484   1.223164E+01     0.967   0.000   0.000   0.033
  12442.388   1.229357E+01     0.967   0.000   0.000   0.033
  12462.292   1.236056E+01     0.967   0.000   0.000   0.033
  12482.196   1.243956E+01     0.967   0.000   0.000   0.033
  12502.100   1.253363E+01     0.967   0.000   0.000   0.033
  12522.004   1.264027E+01     0.968   0.000   0.000   0.032
  12541.908   1.275236E+01     0.968   0.000   0.000   0.032
  12561.812   1.286712E+01     0.968   0.000   0.000   0.032
  12581.716   1.298852E+01     0.968   0.000   0.000   0.032
  12601.620   1.312117E+01     0.969   0.000   0.000   0.031
  12621.524   1.326586E+01     0.969   0.000   0.000   0.031
  12641.428   1.342177E+01     0.970   0.000   0.000   0.030
  12661.332   1.358932E+01     0.970   0.000   0.000   0.030
  12681.236   1.376598E+01     0.971   0.000   0.000   0.029
  12701.140   1.395714E+01     0.971   0.000   0.000   0.029
  12721.044   1.416077E+01     0.972   0.000   0.000   0.028
  12740.948   1.437728E+01     0.972   0.000   0.000   0.028
  12760.852   1.460651E+01     0.973   0.000   0.000   0.027
  12780.756   1.484874E+01     0.974   0.000   0.000   0.026
  12800.660   1.510652E+01     0.974   0.000   0.000   0.026
  12820.564   1.538269E+01     0.975   0.000   0.000   0.025
  12840.468   1.567610E+01     0.976   0.000   0.000   0.024
  12860.372   1.598182E+01     0.977   0.000   0.000   0.023
  12880.276   1.629301E+01     0.977   0.000   0.000   0.023
  12900.180   1.661591E+01     0.978   0.000   0.000   0.022
  12920.084   1.695094E+01     0.979   0.000   0.000   0.021
  12939.988   1.729890E+01     0.979   0.000   0.000   0.021
  12959.892   1.765929E+01     0.980   0.000   0.000   0.020
  12979.796   1.803196E+01     0.981   0.000   0.000   0.019
  12999.700   1.841662E+01     0.982   0.000   0.000   0.018
  13019.604   1.881245E+01     0.982   0.000   0.000   0.018
  13039.508   1.921980E+01     0.983   0.000   0.000   0.017
  13059.412   1.964109E+01     0.984   0.000   0.000   0.016
  13079.316   2.007781E+01     0.984   0.000   0.000   0.016
  13099.220   2.052260E+01     0.985   0.000   0.000   0.015
  13119.124   2.097693E+01     0.985   0.000   0.000   0.015
  13139.028   2.143411E+01     0.986   0.000   0.000   0.014
  13158.932   2.189503E+01     0.986   0.000   0.000   0.014
  13178.836   2.236178E+01     0.987   0.000   0.000   0.013
  13198.740   2.283399E+01     0.987   0.000   0.000   0.013
