 ****************** Start US v. 1.9 at 07-Dec-12 12:15:18 ******************
 
 output,0,0,0,0,0,0
 energy   5.300 GeV   current 250.0 mA
 sigx     1.070  mm   sigy    0.081 mm   sigx1  0.1433 mr   sigy1  0.0135 mr
 period   2.440  cm   N          40      Kx      0.000      Ky      2.350
 emin     500.0  eV   emax 100000.0 eV   ne       4999
 d       20.000   m   xpc     0.250 mm   ypc     0.000 mm
 xps      0.500  mm   yps     0.000 mm   nxp        10      nyp        10
 mode         4       method      4      iharm       0   
 nphi        20       nalpha     15      calpha2   2.0
 nomega      64       comega    8.0      nsigma      3
 
 e1      2906.6  eV   l1      4.266  A
 ptot    4613.7   W   pd      217.5  W/mm^2
 
 
 Flux through   0.500 mm x  0.000 mm pinhole at  0.250 mm,  0.000 mm @ 20.000 m:
 Integrated flux   2.764E+10 ph/s
 Integrated power        0.0 W
 Contributing harmonics    1 to   55
 
 Energy(eV)   Flux(ph/s/0.1%bw)   p1      p2      p3      p4
    500.000   1.017733E+04     0.982   0.000   0.000   0.018
    519.904   1.330391E+04     0.982   0.000   0.000   0.018
    539.808   1.629903E+04     0.982   0.000   0.000   0.018
    559.712   1.922157E+04     0.981   0.000   0.000   0.019
    579.616   2.223694E+04     0.981   0.000   0.000   0.019
    599.520   2.543743E+04     0.981   0.000   0.000   0.019
    619.424   2.881367E+04     0.980   0.000   0.000   0.020
    639.328   3.232650E+04     0.980   0.000   0.000   0.020
    659.232   3.595463E+04     0.980   0.000   0.000   0.020
    679.136   3.968189E+04     0.979   0.000   0.000   0.021
    699.040   4.347798E+04     0.979   0.000   0.000   0.021
    718.944   4.729616E+04     0.978   0.000   0.000   0.022
    738.848   5.113598E+04     0.978   0.000   0.000   0.022
    758.752   5.496815E+04     0.977   0.000   0.000   0.023
    778.656   5.876060E+04     0.976   0.000   0.000   0.024
    798.560   6.250397E+04     0.976   0.000   0.000   0.024
    818.464   6.628495E+04     0.974   0.000   0.000   0.026
    838.368   7.030259E+04     0.972   0.000   0.000   0.028
    858.272   7.475048E+04     0.969   0.000   0.000   0.031
    878.176   7.963673E+04     0.965   0.000   0.000   0.035
    898.080   8.472146E+04     0.960   0.000   0.000   0.040
    917.984   8.964396E+04     0.956   0.000   0.000   0.044
    937.888   9.417775E+04     0.953   0.000   0.000   0.047
    957.792   9.827718E+04     0.950   0.000   0.000   0.050
    977.696   1.020371E+05     0.947   0.000   0.000   0.053
    997.600   1.055411E+05     0.944   0.000   0.000   0.056
   1017.504   1.087784E+05     0.941   0.000   0.000   0.059
   1037.407   1.116688E+05     0.938   0.000   0.000   0.062
   1057.311   1.141428E+05     0.935   0.000   0.000   0.065
   1077.215   1.161964E+05     0.931   0.000   0.000   0.069
   1097.119   1.178741E+05     0.927   0.000   0.000   0.073
   1117.023   1.192050E+05     0.923   0.000   0.000   0.077
   1136.927   1.202079E+05     0.918   0.000   0.000   0.082
   1156.831   1.208661E+05     0.913   0.000   0.000   0.087
   1176.735   1.211770E+05     0.908   0.000   0.000   0.092
   1196.639   1.211453E+05     0.902   0.000   0.000   0.098
   1216.543   1.207733E+05     0.896   0.000   0.000   0.104
   1236.447   1.200648E+05     0.890   0.000   0.000   0.110
   1256.351   1.190314E+05     0.882   0.000   0.000   0.118
   1276.255   1.176894E+05     0.875   0.000   0.000   0.125
   1296.159   1.160666E+05     0.866   0.000   0.000   0.134
   1316.063   1.142184E+05     0.857   0.000   0.000   0.143
   1335.967   1.123113E+05     0.846   0.000   0.000   0.154
   1355.871   1.104656E+05     0.832   0.000   0.000   0.168
   1375.775   1.086878E+05     0.814   0.000   0.000   0.186
   1395.679   1.068341E+05     0.795   0.000   0.000   0.205
   1415.583   1.047379E+05     0.774   0.000   0.000   0.226
   1435.487   1.023587E+05     0.755   0.000   0.000   0.245
   1455.391   9.979208E+04     0.735   0.000   0.000   0.265
   1475.295   9.717038E+04     0.714   0.000   0.000   0.286
   1495.199   9.459379E+04     0.692   0.000   0.000   0.308
   1515.103   9.206771E+04     0.669   0.000   0.000   0.331
   1535.007   8.974129E+04     0.646   0.000   0.000   0.354
   1554.911   8.760946E+04     0.621   0.000   0.000   0.379
   1574.815   8.572689E+04     0.597   0.000   0.000   0.403
   1594.719   8.419760E+04     0.572   0.000   0.000   0.428
   1614.623   8.313955E+04     0.550   0.000   0.000   0.450
   1634.527   8.266087E+04     0.530   0.000   0.000   0.470
   1654.431   8.291078E+04     0.513   0.000   0.000   0.487
   1674.335   8.409939E+04     0.502   0.000   0.000   0.498
   1694.239   8.641097E+04     0.497   0.000   0.000   0.503
   1714.143   8.975490E+04     0.497   0.000   0.000   0.503
   1734.047   9.458847E+04     0.504   0.000   0.000   0.496
   1753.951   1.010511E+05     0.514   0.000   0.000   0.486
   1773.855   1.094249E+05     0.527   0.000   0.000   0.473
   1793.759   1.198265E+05     0.543   0.000   0.000   0.457
   1813.663   1.321939E+05     0.562   0.000   0.000   0.438
   1833.567   1.464927E+05     0.587   0.000   0.000   0.413
   1853.471   1.629164E+05     0.614   0.000   0.000   0.386
   1873.375   1.818539E+05     0.643   0.000   0.000   0.357
   1893.279   2.036912E+05     0.670   0.000   0.000   0.330
   1913.183   2.281644E+05     0.696   0.000   0.000   0.304
   1933.087   2.564912E+05     0.722   0.000   0.000   0.278
   1952.991   2.887232E+05     0.745   0.000   0.000   0.255
   1972.895   3.252319E+05     0.767   0.000   0.000   0.233
   1992.799   3.663229E+05     0.788   0.000   0.000   0.212
   2012.703   4.124766E+05     0.806   0.000   0.000   0.194
   2032.607   4.645511E+05     0.823   0.000   0.000   0.177
   2052.511   5.235700E+05     0.838   0.000   0.000   0.162
   2072.414   5.902695E+05     0.851   0.000   0.000   0.149
   2092.318   6.647799E+05     0.862   0.000   0.000   0.138
   2112.222   7.452993E+05     0.873   0.000   0.000   0.127
   2132.126   8.347417E+05     0.883   0.000   0.000   0.117
   2152.030   9.333956E+05     0.893   0.000   0.000   0.107
   2171.934   1.042669E+06     0.902   0.000   0.000   0.098
   2191.838   1.163407E+06     0.910   0.000   0.000   0.090
   2211.742   1.296727E+06     0.918   0.000   0.000   0.082
   2231.646   1.444976E+06     0.925   0.000   0.000   0.075
   2251.550   1.611018E+06     0.931   0.000   0.000   0.069
   2271.454   1.793559E+06     0.936   0.000   0.000   0.064
   2291.358   2.000297E+06     0.941   0.000   0.000   0.059
   2311.262   2.228045E+06     0.946   0.000   0.000   0.054
   2331.166   2.480151E+06     0.951   0.000   0.000   0.049
   2351.070   2.745206E+06     0.955   0.000   0.000   0.045
   2370.974   3.001277E+06     0.958   0.000   0.000   0.042
   2390.878   3.300989E+06     0.961   0.000   0.000   0.039
   2410.782   3.667970E+06     0.964   0.000   0.000   0.036
   2430.686   4.039192E+06     0.967   0.000   0.000   0.033
   2450.590   4.412287E+06     0.969   0.000   0.000   0.031
   2470.494   4.868859E+06     0.972   0.000   0.000   0.028
   2490.398   5.396776E+06     0.975   0.000   0.000   0.025
   2510.302   5.919445E+06     0.976   0.000   0.000   0.024
   2530.206   6.493893E+06     0.978   0.000   0.000   0.022
   2550.110   7.209179E+06     0.980   0.000   0.000   0.020
   2570.014   7.983747E+06     0.982   0.000   0.000   0.018
   2589.918   8.760509E+06     0.984   0.000   0.000   0.016
   2609.822   9.692610E+06     0.985   0.000   0.000   0.015
   2629.726   1.083653E+07     0.987   0.000   0.000   0.013
   2649.630   1.202268E+07     0.988   0.000   0.000   0.012
   2669.534   1.330104E+07     0.989   0.000   0.000   0.011
   2689.438   1.496458E+07     0.991   0.000   0.000   0.009
   2709.342   1.694825E+07     0.992   0.000   0.000   0.008
   2729.246   1.902019E+07     0.993   0.000   0.000   0.007
   2749.150   2.159588E+07     0.994   0.000   0.000   0.006
   2769.054   2.517730E+07     0.995   0.000   0.000   0.005
   2788.958   2.926766E+07     0.996   0.000   0.000   0.004
   2808.862   3.375658E+07     0.997   0.000   0.000   0.003
   2828.766   4.071874E+07     0.998   0.000   0.000   0.002
   2848.670   5.116949E+07     0.998   0.000   0.000   0.002
   2868.574   5.960046E+07     0.999   0.000   0.000   0.001
   2888.478   5.663406E+07     0.999   0.000   0.000   0.001
   2908.382   3.998112E+07     0.999   0.000   0.000   0.001
   2928.286   1.912626E+07     0.998   0.000   0.000   0.002
   2948.190   5.730578E+06     0.992   0.000   0.000   0.008
   2968.094   2.123778E+06     0.978   0.000   0.000   0.022
   2987.998   2.436927E+06     0.981   0.000   0.000   0.019
   3007.902   1.994069E+06     0.976   0.000   0.000   0.024
   3027.806   1.047898E+06     0.954   0.000   0.000   0.046
   3047.710   8.771264E+05     0.944   0.000   0.000   0.056
   3067.614   1.008345E+06     0.951   0.000   0.000   0.049
   3087.518   7.689176E+05     0.934   0.000   0.000   0.066
   3107.421   5.175697E+05     0.901   0.000   0.000   0.099
   3127.325   5.634727E+05     0.907   0.000   0.000   0.093
   3147.229   5.849735E+05     0.909   0.000   0.000   0.091
   3167.133   4.371953E+05     0.876   0.000   0.000   0.124
   3187.037   3.741002E+05     0.852   0.000   0.000   0.148
   3206.941   4.309985E+05     0.870   0.000   0.000   0.130
   3226.845   4.065521E+05     0.859   0.000   0.000   0.141
   3246.749   3.239511E+05     0.820   0.000   0.000   0.180
   3266.653   3.301648E+05     0.821   0.000   0.000   0.179
   3286.557   3.656642E+05     0.835   0.000   0.000   0.165
   3306.461   3.285465E+05     0.814   0.000   0.000   0.186
   3326.365   2.936754E+05     0.788   0.000   0.000   0.212
   3346.269   3.224415E+05     0.804   0.000   0.000   0.196
   3366.173   3.354558E+05     0.808   0.000   0.000   0.192
   3386.077   3.034420E+05     0.785   0.000   0.000   0.215
   3405.981   3.004303E+05     0.779   0.000   0.000   0.221
   3425.885   3.304670E+05     0.796   0.000   0.000   0.204
   3445.789   3.254864E+05     0.789   0.000   0.000   0.211
   3465.693   3.022535E+05     0.769   0.000   0.000   0.231
   3485.597   3.107101E+05     0.772   0.000   0.000   0.228
   3505.501   3.311024E+05     0.782   0.000   0.000   0.218
   3525.405   3.530987E+05     0.792   0.000   0.000   0.208
   3545.309   3.769107E+05     0.800   0.000   0.000   0.200
   3565.213   4.025770E+05     0.808   0.000   0.000   0.192
   3585.117   4.299520E+05     0.815   0.000   0.000   0.185
   3605.021   4.588096E+05     0.823   0.000   0.000   0.177
   3624.925   4.889760E+05     0.830   0.000   0.000   0.170
   3644.829   5.204243E+05     0.837   0.000   0.000   0.163
   3664.733   5.532887E+05     0.845   0.000   0.000   0.155
   3684.637   5.874773E+05     0.852   0.000   0.000   0.148
   3704.541   6.236228E+05     0.858   0.000   0.000   0.142
   3724.445   6.616401E+05     0.865   0.000   0.000   0.135
   3744.349   7.016086E+05     0.871   0.000   0.000   0.129
   3764.253   7.436083E+05     0.877   0.000   0.000   0.123
   3784.157   7.877243E+05     0.882   0.000   0.000   0.118
   3804.061   8.340436E+05     0.888   0.000   0.000   0.112
   3823.965   8.826438E+05     0.893   0.000   0.000   0.107
   3843.869   9.335937E+05     0.898   0.000   0.000   0.102
   3863.773   9.869763E+05     0.902   0.000   0.000   0.098
   3883.677   1.042415E+06     0.907   0.000   0.000   0.093
   3903.581   1.100728E+06     0.911   0.000   0.000   0.089
   3923.485   1.161680E+06     0.915   0.000   0.000   0.085
   3943.389   1.225378E+06     0.919   0.000   0.000   0.081
   3963.293   1.291924E+06     0.922   0.000   0.000   0.078
   3983.197   1.361386E+06     0.926   0.000   0.000   0.074
   4003.101   1.433858E+06     0.929   0.000   0.000   0.071
   4023.005   1.509477E+06     0.932   0.000   0.000   0.068
   4042.909   1.588240E+06     0.935   0.000   0.000   0.065
   4062.813   1.670008E+06     0.938   0.000   0.000   0.062
   4082.717   1.754391E+06     0.940   0.000   0.000   0.060
   4102.621   1.843776E+06     0.942   0.000   0.000   0.058
   4122.525   1.938995E+06     0.944   0.000   0.000   0.056
   4142.428   2.039840E+06     0.946   0.000   0.000   0.054
   4162.332   2.144508E+06     0.948   0.000   0.000   0.052
   4182.236   2.251477E+06     0.950   0.000   0.000   0.050
   4202.140   2.361015E+06     0.952   0.000   0.000   0.048
   4222.044   2.474470E+06     0.954   0.000   0.000   0.046
   4241.948   2.592629E+06     0.956   0.000   0.000   0.044
   4261.852   2.715384E+06     0.957   0.000   0.000   0.043
   4281.756   2.841472E+06     0.959   0.000   0.000   0.041
   4301.660   2.972709E+06     0.961   0.000   0.000   0.039
   4321.564   3.108626E+06     0.963   0.000   0.000   0.037
   4341.468   3.249362E+06     0.964   0.000   0.000   0.036
   4361.372   3.395003E+06     0.966   0.000   0.000   0.034
   4381.276   3.545610E+06     0.967   0.000   0.000   0.033
   4401.180   3.701289E+06     0.968   0.000   0.000   0.032
   4421.084   3.862264E+06     0.970   0.000   0.000   0.030
   4440.988   4.028642E+06     0.971   0.000   0.000   0.029
   4460.892   4.200299E+06     0.972   0.000   0.000   0.028
   4480.796   4.376102E+06     0.973   0.000   0.000   0.027
   4500.700   4.560100E+06     0.975   0.000   0.000   0.025
   4520.604   4.753389E+06     0.976   0.000   0.000   0.024
   4540.508   4.956065E+06     0.977   0.000   0.000   0.023
   4560.412   5.165457E+06     0.978   0.000   0.000   0.022
   4580.316   5.378523E+06     0.978   0.000   0.000   0.022
   4600.220   5.594650E+06     0.979   0.000   0.000   0.021
   4620.124   5.815402E+06     0.980   0.000   0.000   0.020
   4640.028   6.042182E+06     0.981   0.000   0.000   0.019
   4659.932   6.275178E+06     0.982   0.000   0.000   0.018
   4679.836   6.512326E+06     0.983   0.000   0.000   0.017
   4699.740   6.757083E+06     0.984   0.000   0.000   0.016
   4719.644   7.008130E+06     0.984   0.000   0.000   0.016
   4739.548   7.265146E+06     0.985   0.000   0.000   0.015
   4759.452   7.528974E+06     0.986   0.000   0.000   0.014
   4779.356   7.802282E+06     0.986   0.000   0.000   0.014
   4799.260   8.087170E+06     0.987   0.000   0.000   0.013
   4819.164   8.381993E+06     0.988   0.000   0.000   0.012
   4839.068   8.682010E+06     0.988   0.000   0.000   0.012
   4858.972   8.983918E+06     0.989   0.000   0.000   0.011
   4878.876   9.286217E+06     0.989   0.000   0.000   0.011
   4898.780   9.595414E+06     0.990   0.000   0.000   0.010
   4918.684   9.910267E+06     0.990   0.000   0.000   0.010
   4938.588   1.022997E+07     0.991   0.000   0.000   0.009
   4958.492   1.055611E+07     0.991   0.000   0.000   0.009
   4978.396   1.089206E+07     0.991   0.000   0.000   0.009
   4998.300   1.123832E+07     0.992   0.000   0.000   0.008
   5018.204   1.159085E+07     0.992   0.000   0.000   0.008
   5038.108   1.194461E+07     0.993   0.000   0.000   0.007
   5058.012   1.229731E+07     0.993   0.000   0.000   0.007
   5077.916   1.264749E+07     0.993   0.000   0.000   0.007
   5097.820   1.300247E+07     0.993   0.000   0.000   0.007
   5117.724   1.336425E+07     0.994   0.000   0.000   0.006
   5137.628   1.373302E+07     0.994   0.000   0.000   0.006
   5157.532   1.410339E+07     0.994   0.000   0.000   0.006
   5177.435   1.446892E+07     0.994   0.000   0.000   0.006
   5197.339   1.482958E+07     0.994   0.000   0.000   0.006
   5217.243   1.518960E+07     0.994   0.000   0.000   0.006
   5237.147   1.554877E+07     0.994   0.000   0.000   0.006
   5257.051   1.590289E+07     0.994   0.000   0.000   0.006
   5276.955   1.624961E+07     0.994   0.000   0.000   0.006
   5296.859   1.658910E+07     0.994   0.000   0.000   0.006
   5316.763   1.691984E+07     0.994   0.000   0.000   0.006
   5336.667   1.723985E+07     0.994   0.000   0.000   0.006
   5356.571   1.754772E+07     0.994   0.000   0.000   0.006
   5376.475   1.783981E+07     0.994   0.000   0.000   0.006
   5396.379   1.811186E+07     0.993   0.000   0.000   0.007
   5416.283   1.836196E+07     0.993   0.000   0.000   0.007
   5436.187   1.858693E+07     0.992   0.000   0.000   0.008
   5456.091   1.877794E+07     0.991   0.000   0.000   0.009
   5475.995   1.893018E+07     0.990   0.000   0.000   0.010
   5495.899   1.904421E+07     0.989   0.000   0.000   0.011
   5515.803   1.911175E+07     0.988   0.000   0.000   0.012
   5535.707   1.911585E+07     0.986   0.000   0.000   0.014
   5555.611   1.904950E+07     0.984   0.000   0.000   0.016
   5575.515   1.891080E+07     0.982   0.000   0.000   0.018
   5595.419   1.867916E+07     0.980   0.000   0.000   0.020
   5615.323   1.832823E+07     0.977   0.000   0.000   0.023
   5635.227   1.785736E+07     0.974   0.000   0.000   0.026
   5655.131   1.725666E+07     0.970   0.000   0.000   0.030
   5675.035   1.646043E+07     0.966   0.000   0.000   0.034
   5694.939   1.540419E+07     0.961   0.000   0.000   0.039
   5714.843   1.410931E+07     0.956   0.000   0.000   0.044
   5734.747   1.260608E+07     0.950   0.000   0.000   0.050
   5754.651   1.079958E+07     0.944   0.000   0.000   0.056
   5774.555   8.598221E+06     0.940   0.000   0.000   0.060
   5794.459   6.234442E+06     0.939   0.000   0.000   0.061
   5814.363   4.269987E+06     0.942   0.000   0.000   0.058
   5834.267   3.136425E+06     0.948   0.000   0.000   0.052
   5854.171   2.752841E+06     0.953   0.000   0.000   0.047
   5874.075   2.705273E+06     0.954   0.000   0.000   0.046
   5893.979   2.692491E+06     0.955   0.000   0.000   0.045
   5913.883   2.675421E+06     0.957   0.000   0.000   0.043
   5933.787   2.696542E+06     0.958   0.000   0.000   0.042
   5953.691   2.742172E+06     0.959   0.000   0.000   0.041
   5973.595   2.785106E+06     0.960   0.000   0.000   0.040
   5993.499   2.832869E+06     0.961   0.000   0.000   0.039
   6013.403   2.894288E+06     0.962   0.000   0.000   0.038
   6033.307   2.960460E+06     0.963   0.000   0.000   0.037
   6053.211   3.025375E+06     0.964   0.000   0.000   0.036
   6073.115   3.096026E+06     0.965   0.000   0.000   0.035
   6093.019   3.173460E+06     0.966   0.000   0.000   0.034
   6112.923   3.251416E+06     0.967   0.000   0.000   0.033
   6132.827   3.330491E+06     0.968   0.000   0.000   0.032
   6152.731   3.415297E+06     0.969   0.000   0.000   0.031
   6172.635   3.504664E+06     0.970   0.000   0.000   0.030
   6192.539   3.596246E+06     0.971   0.000   0.000   0.029
   6212.442   3.691220E+06     0.972   0.000   0.000   0.028
   6232.346   3.791839E+06     0.972   0.000   0.000   0.028
   6252.250   3.893747E+06     0.973   0.000   0.000   0.027
   6272.154   3.995187E+06     0.974   0.000   0.000   0.026
   6292.058   4.098278E+06     0.975   0.000   0.000   0.025
   6311.962   4.203294E+06     0.975   0.000   0.000   0.025
   6331.866   4.309245E+06     0.976   0.000   0.000   0.024
   6351.770   4.416662E+06     0.977   0.000   0.000   0.023
   6371.674   4.526985E+06     0.978   0.000   0.000   0.022
   6391.578   4.640023E+06     0.978   0.000   0.000   0.022
   6411.482   4.753378E+06     0.979   0.000   0.000   0.021
   6431.386   4.868932E+06     0.980   0.000   0.000   0.020
   6451.290   4.985855E+06     0.980   0.000   0.000   0.020
   6471.194   5.104102E+06     0.981   0.000   0.000   0.019
   6491.098   5.223625E+06     0.981   0.000   0.000   0.019
   6511.002   5.344396E+06     0.982   0.000   0.000   0.018
   6530.906   5.466378E+06     0.982   0.000   0.000   0.018
   6550.810   5.589503E+06     0.983   0.000   0.000   0.017
   6570.714   5.713696E+06     0.983   0.000   0.000   0.017
   6590.618   5.838912E+06     0.984   0.000   0.000   0.016
   6610.522   5.963721E+06     0.984   0.000   0.000   0.016
   6630.426   6.090299E+06     0.985   0.000   0.000   0.015
   6650.330   6.217618E+06     0.985   0.000   0.000   0.015
   6670.234   6.345694E+06     0.986   0.000   0.000   0.014
   6690.138   6.474492E+06     0.986   0.000   0.000   0.014
   6710.042   6.603796E+06     0.986   0.000   0.000   0.014
   6729.946   6.733638E+06     0.987   0.000   0.000   0.013
   6749.850   6.864941E+06     0.987   0.000   0.000   0.013
   6769.754   6.999258E+06     0.987   0.000   0.000   0.013
   6789.658   7.137313E+06     0.987   0.000   0.000   0.013
   6809.562   7.276249E+06     0.987   0.000   0.000   0.013
   6829.466   7.415861E+06     0.988   0.000   0.000   0.012
   6849.370   7.552822E+06     0.988   0.000   0.000   0.012
   6869.274   7.686679E+06     0.988   0.000   0.000   0.012
   6889.178   7.818339E+06     0.988   0.000   0.000   0.012
   6909.082   7.948780E+06     0.989   0.000   0.000   0.011
   6928.986   8.078362E+06     0.989   0.000   0.000   0.011
   6948.890   8.207008E+06     0.989   0.000   0.000   0.011
   6968.794   8.334530E+06     0.989   0.000   0.000   0.011
   6988.698   8.460728E+06     0.989   0.000   0.000   0.011
   7008.602   8.583843E+06     0.989   0.000   0.000   0.011
   7028.506   8.706573E+06     0.990   0.000   0.000   0.010
   7048.410   8.827812E+06     0.990   0.000   0.000   0.010
   7068.314   8.947487E+06     0.990   0.000   0.000   0.010
   7088.218   9.065469E+06     0.990   0.000   0.000   0.010
   7108.122   9.181503E+06     0.990   0.000   0.000   0.010
   7128.026   9.295090E+06     0.990   0.000   0.000   0.010
   7147.930   9.405895E+06     0.990   0.000   0.000   0.010
   7167.834   9.514568E+06     0.990   0.000   0.000   0.010
   7187.738   9.621423E+06     0.990   0.000   0.000   0.010
   7207.642   9.728589E+06     0.990   0.000   0.000   0.010
   7227.546   9.833402E+06     0.990   0.000   0.000   0.010
   7247.449   9.932579E+06     0.990   0.000   0.000   0.010
   7267.353   1.002422E+07     0.990   0.000   0.000   0.010
   7287.257   1.010887E+07     0.990   0.000   0.000   0.010
   7307.161   1.018802E+07     0.990   0.000   0.000   0.010
   7327.065   1.026221E+07     0.990   0.000   0.000   0.010
   7346.969   1.033099E+07     0.990   0.000   0.000   0.010
   7366.873   1.039402E+07     0.990   0.000   0.000   0.010
   7386.777   1.045027E+07     0.990   0.000   0.000   0.010
   7406.681   1.050102E+07     0.990   0.000   0.000   0.010
   7426.585   1.054517E+07     0.990   0.000   0.000   0.010
   7446.489   1.058276E+07     0.989   0.000   0.000   0.011
   7466.393   1.061468E+07     0.989   0.000   0.000   0.011
   7486.297   1.064159E+07     0.989   0.000   0.000   0.011
   7506.201   1.066258E+07     0.989   0.000   0.000   0.011
   7526.105   1.067543E+07     0.988   0.000   0.000   0.012
   7546.009   1.067835E+07     0.988   0.000   0.000   0.012
   7565.913   1.067123E+07     0.988   0.000   0.000   0.012
   7585.817   1.065423E+07     0.987   0.000   0.000   0.013
   7605.721   1.062895E+07     0.987   0.000   0.000   0.013
   7625.625   1.059458E+07     0.986   0.000   0.000   0.014
   7645.529   1.055076E+07     0.986   0.000   0.000   0.014
   7665.433   1.049788E+07     0.985   0.000   0.000   0.015
   7685.337   1.043655E+07     0.985   0.000   0.000   0.015
   7705.241   1.036662E+07     0.984   0.000   0.000   0.016
   7725.145   1.028704E+07     0.983   0.000   0.000   0.017
   7745.049   1.019673E+07     0.983   0.000   0.000   0.017
   7764.953   1.009541E+07     0.982   0.000   0.000   0.018
   7784.857   9.982856E+06     0.981   0.000   0.000   0.019
   7804.761   9.860840E+06     0.980   0.000   0.000   0.020
   7824.665   9.729408E+06     0.979   0.000   0.000   0.021
   7844.569   9.588791E+06     0.978   0.000   0.000   0.022
   7864.473   9.439141E+06     0.977   0.000   0.000   0.023
   7884.377   9.280453E+06     0.975   0.000   0.000   0.025
   7904.281   9.112760E+06     0.974   0.000   0.000   0.026
   7924.185   8.936693E+06     0.972   0.000   0.000   0.028
   7944.089   8.753612E+06     0.971   0.000   0.000   0.029
   7963.993   8.564913E+06     0.969   0.000   0.000   0.031
   7983.897   8.369362E+06     0.967   0.000   0.000   0.033
   8003.801   8.170583E+06     0.965   0.000   0.000   0.035
   8023.705   7.968545E+06     0.962   0.000   0.000   0.038
   8043.609   7.764923E+06     0.960   0.000   0.000   0.040
   8063.513   7.561861E+06     0.957   0.000   0.000   0.043
   8083.417   7.361258E+06     0.955   0.000   0.000   0.045
   8103.321   7.167204E+06     0.952   0.000   0.000   0.048
   8123.225   6.983126E+06     0.949   0.000   0.000   0.051
   8143.129   6.809377E+06     0.946   0.000   0.000   0.054
   8163.033   6.643906E+06     0.943   0.000   0.000   0.057
   8182.937   6.478253E+06     0.940   0.000   0.000   0.060
   8202.841   6.343314E+06     0.937   0.000   0.000   0.063
   8222.745   6.256393E+06     0.935   0.000   0.000   0.065
   8242.649   6.193962E+06     0.933   0.000   0.000   0.067
   8262.553   6.167610E+06     0.931   0.000   0.000   0.069
   8282.456   6.225910E+06     0.931   0.000   0.000   0.069
   8302.360   6.357337E+06     0.931   0.000   0.000   0.069
   8322.264   6.517802E+06     0.932   0.000   0.000   0.068
   8342.168   6.747921E+06     0.934   0.000   0.000   0.066
   8362.072   7.107747E+06     0.937   0.000   0.000   0.063
   8381.976   7.565385E+06     0.941   0.000   0.000   0.059
   8401.880   8.105047E+06     0.946   0.000   0.000   0.054
   8421.784   8.825070E+06     0.951   0.000   0.000   0.049
   8441.688   9.766930E+06     0.956   0.000   0.000   0.044
   8461.592   1.085192E+07     0.962   0.000   0.000   0.038
   8481.496   1.212679E+07     0.967   0.000   0.000   0.033
   8501.400   1.376316E+07     0.972   0.000   0.000   0.028
   8521.304   1.572561E+07     0.977   0.000   0.000   0.023
   8541.208   1.789453E+07     0.981   0.000   0.000   0.019
   8561.112   2.049361E+07     0.985   0.000   0.000   0.015
   8581.016   2.374370E+07     0.988   0.000   0.000   0.012
   8600.920   2.727454E+07     0.991   0.000   0.000   0.009
   8620.824   3.093185E+07     0.993   0.000   0.000   0.007
   8640.728   3.572085E+07     0.995   0.000   0.000   0.005
   8660.632   4.190785E+07     0.997   0.000   0.000   0.003
   8680.536   4.609437E+07     0.997   0.000   0.000   0.003
   8700.440   4.304324E+07     0.998   0.000   0.000   0.002
   8720.344   3.196925E+07     0.997   0.000   0.000   0.003
   8740.248   1.885855E+07     0.995   0.000   0.000   0.005
   8760.152   1.059655E+07     0.992   0.000   0.000   0.008
   8780.056   8.366360E+06     0.990   0.000   0.000   0.010
   8799.960   8.555393E+06     0.990   0.000   0.000   0.010
   8819.864   8.339066E+06     0.990   0.000   0.000   0.010
   8839.768   7.832123E+06     0.989   0.000   0.000   0.011
   8859.672   7.776702E+06     0.989   0.000   0.000   0.011
   8879.576   7.904210E+06     0.990   0.000   0.000   0.010
   8899.480   7.822513E+06     0.989   0.000   0.000   0.011
   8919.384   7.730844E+06     0.989   0.000   0.000   0.011
   8939.288   7.809068E+06     0.989   0.000   0.000   0.011
   8959.192   7.874625E+06     0.989   0.000   0.000   0.011
   8979.096   7.842877E+06     0.989   0.000   0.000   0.011
   8999.000   7.856918E+06     0.989   0.000   0.000   0.011
   9018.904   7.938449E+06     0.989   0.000   0.000   0.011
   9038.808   7.974210E+06     0.989   0.000   0.000   0.011
   9058.712   7.975964E+06     0.989   0.000   0.000   0.011
   9078.616   8.025578E+06     0.989   0.000   0.000   0.011
   9098.520   8.089153E+06     0.989   0.000   0.000   0.011
   9118.424   8.107449E+06     0.989   0.000   0.000   0.011
   9138.328   8.123444E+06     0.989   0.000   0.000   0.011
   9158.232   8.171207E+06     0.989   0.000   0.000   0.011
   9178.136   8.206596E+06     0.989   0.000   0.000   0.011
   9198.040   8.213285E+06     0.988   0.000   0.000   0.012
   9217.944   8.232843E+06     0.988   0.000   0.000   0.012
   9237.848   8.268149E+06     0.988   0.000   0.000   0.012
   9257.752   8.281059E+06     0.988   0.000   0.000   0.012
   9277.656   8.279782E+06     0.988   0.000   0.000   0.012
   9297.560   8.294502E+06     0.988   0.000   0.000   0.012
   9317.463   8.312298E+06     0.988   0.000   0.000   0.012
   9337.367   8.327899E+06     0.988   0.000   0.000   0.012
   9357.271   8.340666E+06     0.988   0.000   0.000   0.012
   9377.175   8.350569E+06     0.987   0.000   0.000   0.013
   9397.079   8.357566E+06     0.987   0.000   0.000   0.013
   9416.983   8.361646E+06     0.987   0.000   0.000   0.013
   9436.887   8.362816E+06     0.987   0.000   0.000   0.013
   9456.791   8.361062E+06     0.987   0.000   0.000   0.013
   9476.695   8.356370E+06     0.986   0.000   0.000   0.014
   9496.599   8.348743E+06     0.986   0.000   0.000   0.014
   9516.503   8.337206E+06     0.986   0.000   0.000   0.014
   9536.407   8.323149E+06     0.986   0.000   0.000   0.014
   9556.311   8.306039E+06     0.985   0.000   0.000   0.015
   9576.215   8.286225E+06     0.985   0.000   0.000   0.015
   9596.119   8.264109E+06     0.985   0.000   0.000   0.015
   9616.023   8.239683E+06     0.984   0.000   0.000   0.016
   9635.927   8.212418E+06     0.984   0.000   0.000   0.016
   9655.831   8.181719E+06     0.983   0.000   0.000   0.017
   9675.735   8.147428E+06     0.983   0.000   0.000   0.017
   9695.639   8.109826E+06     0.982   0.000   0.000   0.018
   9715.543   8.068385E+06     0.982   0.000   0.000   0.018
   9735.447   8.024683E+06     0.981   0.000   0.000   0.019
   9755.351   7.978270E+06     0.981   0.000   0.000   0.019
   9775.255   7.929262E+06     0.980   0.000   0.000   0.020
   9795.159   7.877814E+06     0.980   0.000   0.000   0.020
   9815.063   7.824059E+06     0.979   0.000   0.000   0.021
   9834.967   7.768104E+06     0.979   0.000   0.000   0.021
   9854.871   7.710075E+06     0.978   0.000   0.000   0.022
   9874.775   7.650116E+06     0.978   0.000   0.000   0.022
   9894.679   7.588370E+06     0.977   0.000   0.000   0.023
   9914.583   7.524083E+06     0.976   0.000   0.000   0.024
   9934.487   7.458886E+06     0.976   0.000   0.000   0.024
   9954.391   7.392536E+06     0.975   0.000   0.000   0.025
   9974.295   7.325382E+06     0.974   0.000   0.000   0.026
   9994.199   7.257786E+06     0.973   0.000   0.000   0.027
  10014.103   7.190082E+06     0.972   0.000   0.000   0.028
  10034.007   7.122507E+06     0.971   0.000   0.000   0.029
  10053.911   7.055143E+06     0.970   0.000   0.000   0.030
  10073.815   6.988027E+06     0.969   0.000   0.000   0.031
  10093.719   6.921351E+06     0.969   0.000   0.000   0.031
  10113.623   6.854470E+06     0.968   0.000   0.000   0.032
  10133.527   6.789677E+06     0.967   0.000   0.000   0.033
  10153.431   6.726854E+06     0.966   0.000   0.000   0.034
  10173.335   6.666420E+06     0.965   0.000   0.000   0.035
  10193.239   6.608757E+06     0.965   0.000   0.000   0.035
  10213.143   6.554377E+06     0.964   0.000   0.000   0.036
  10233.047   6.504012E+06     0.963   0.000   0.000   0.037
  10252.951   6.458581E+06     0.962   0.000   0.000   0.038
  10272.855   6.418967E+06     0.962   0.000   0.000   0.038
  10292.759   6.385710E+06     0.961   0.000   0.000   0.039
  10312.663   6.357425E+06     0.960   0.000   0.000   0.040
  10332.567   6.336819E+06     0.960   0.000   0.000   0.040
  10352.470   6.323502E+06     0.959   0.000   0.000   0.041
  10372.374   6.318169E+06     0.959   0.000   0.000   0.041
  10392.278   6.321246E+06     0.959   0.000   0.000   0.041
  10412.182   6.333232E+06     0.959   0.000   0.000   0.041
  10432.086   6.355265E+06     0.958   0.000   0.000   0.042
  10451.990   6.388854E+06     0.958   0.000   0.000   0.042
  10471.894   6.434910E+06     0.959   0.000   0.000   0.041
  10491.798   6.493372E+06     0.959   0.000   0.000   0.041
  10511.702   6.561546E+06     0.959   0.000   0.000   0.041
  10531.606   6.643825E+06     0.960   0.000   0.000   0.040
  10551.510   6.739887E+06     0.960   0.000   0.000   0.040
  10571.414   6.851525E+06     0.961   0.000   0.000   0.039
  10591.318   6.981042E+06     0.962   0.000   0.000   0.038
  10611.222   7.130826E+06     0.963   0.000   0.000   0.037
  10631.126   7.301794E+06     0.964   0.000   0.000   0.036
  10651.030   7.492399E+06     0.965   0.000   0.000   0.035
  10670.934   7.700682E+06     0.966   0.000   0.000   0.034
  10690.838   7.927815E+06     0.968   0.000   0.000   0.032
  10710.742   8.174521E+06     0.969   0.000   0.000   0.031
  10730.646   8.449654E+06     0.970   0.000   0.000   0.030
  10750.550   8.749643E+06     0.972   0.000   0.000   0.028
  10770.454   9.072221E+06     0.973   0.000   0.000   0.027
  10790.358   9.418396E+06     0.975   0.000   0.000   0.025
  10810.262   9.791556E+06     0.976   0.000   0.000   0.024
  10830.166   1.019312E+07     0.978   0.000   0.000   0.022
  10850.070   1.062165E+07     0.979   0.000   0.000   0.021
  10869.974   1.107617E+07     0.981   0.000   0.000   0.019
  10889.878   1.155786E+07     0.982   0.000   0.000   0.018
  10909.782   1.206419E+07     0.983   0.000   0.000   0.017
  10929.686   1.260174E+07     0.984   0.000   0.000   0.016
  10949.590   1.316696E+07     0.986   0.000   0.000   0.014
  10969.494   1.375947E+07     0.987   0.000   0.000   0.013
  10989.398   1.437864E+07     0.988   0.000   0.000   0.012
  11009.302   1.502263E+07     0.988   0.000   0.000   0.012
  11029.206   1.569140E+07     0.989   0.000   0.000   0.011
  11049.110   1.638119E+07     0.990   0.000   0.000   0.010
  11069.014   1.708978E+07     0.990   0.000   0.000   0.010
  11088.918   1.781595E+07     0.990   0.000   0.000   0.010
  11108.822   1.855740E+07     0.991   0.000   0.000   0.009
  11128.726   1.930918E+07     0.991   0.000   0.000   0.009
  11148.630   2.006843E+07     0.991   0.000   0.000   0.009
  11168.534   2.083355E+07     0.991   0.000   0.000   0.009
  11188.438   2.159743E+07     0.991   0.000   0.000   0.009
  11208.342   2.235054E+07     0.991   0.000   0.000   0.009
  11228.246   2.308863E+07     0.991   0.000   0.000   0.009
  11248.150   2.380518E+07     0.991   0.000   0.000   0.009
  11268.054   2.448720E+07     0.991   0.000   0.000   0.009
  11287.958   2.512094E+07     0.990   0.000   0.000   0.010
  11307.862   2.570075E+07     0.990   0.000   0.000   0.010
  11327.766   2.621240E+07     0.989   0.000   0.000   0.011
  11347.670   2.662962E+07     0.989   0.000   0.000   0.011
  11367.574   2.693664E+07     0.988   0.000   0.000   0.012
  11387.477   2.712473E+07     0.987   0.000   0.000   0.013
  11407.381   2.716063E+07     0.986   0.000   0.000   0.014
  11427.285   2.700129E+07     0.985   0.000   0.000   0.015
  11447.189   2.663687E+07     0.984   0.000   0.000   0.016
  11467.093   2.605754E+07     0.983   0.000   0.000   0.017
  11486.997   2.517675E+07     0.982   0.000   0.000   0.018
  11506.901   2.389951E+07     0.980   0.000   0.000   0.020
  11526.805   2.225621E+07     0.979   0.000   0.000   0.021
  11546.709   2.033037E+07     0.978   0.000   0.000   0.022
  11566.613   1.805273E+07     0.977   0.000   0.000   0.023
  11586.517   1.529611E+07     0.977   0.000   0.000   0.023
  11606.421   1.228612E+07     0.977   0.000   0.000   0.023
  11626.325   9.696553E+06     0.979   0.000   0.000   0.021
  11646.229   8.114040E+06     0.980   0.000   0.000   0.020
  11666.133   7.502625E+06     0.980   0.000   0.000   0.020
  11686.037   7.347907E+06     0.980   0.000   0.000   0.020
  11705.941   7.234342E+06     0.979   0.000   0.000   0.021
  11725.845   7.094921E+06     0.979   0.000   0.000   0.021
  11745.749   6.996348E+06     0.979   0.000   0.000   0.021
  11765.653   6.932149E+06     0.978   0.000   0.000   0.022
  11785.557   6.862563E+06     0.978   0.000   0.000   0.022
  11805.461   6.792486E+06     0.978   0.000   0.000   0.022
  11825.365   6.737368E+06     0.977   0.000   0.000   0.023
  11845.269   6.687734E+06     0.977   0.000   0.000   0.023
  11865.173   6.633507E+06     0.977   0.000   0.000   0.023
  11885.077   6.582956E+06     0.976   0.000   0.000   0.024
  11904.981   6.539266E+06     0.976   0.000   0.000   0.024
  11924.885   6.495006E+06     0.975   0.000   0.000   0.025
  11944.789   6.449473E+06     0.975   0.000   0.000   0.025
  11964.693   6.408469E+06     0.974   0.000   0.000   0.026
  11984.597   6.370764E+06     0.974   0.000   0.000   0.026
  12004.501   6.332337E+06     0.973   0.000   0.000   0.027
  12024.405   6.295086E+06     0.973   0.000   0.000   0.027
  12044.309   6.263017E+06     0.972   0.000   0.000   0.028
  12064.213   6.232622E+06     0.971   0.000   0.000   0.029
  12084.117   6.201828E+06     0.971   0.000   0.000   0.029
  12104.021   6.173170E+06     0.970   0.000   0.000   0.030
  12123.925   6.147857E+06     0.970   0.000   0.000   0.030
  12143.829   6.124451E+06     0.970   0.000   0.000   0.030
  12163.733   6.102861E+06     0.969   0.000   0.000   0.031
  12183.637   6.084806E+06     0.969   0.000   0.000   0.031
  12203.541   6.070847E+06     0.969   0.000   0.000   0.031
  12223.445   6.058487E+06     0.968   0.000   0.000   0.032
  12243.349   6.049140E+06     0.968   0.000   0.000   0.032
  12263.253   6.042504E+06     0.968   0.000   0.000   0.032
  12283.157   6.038737E+06     0.968   0.000   0.000   0.032
  12303.061   6.038007E+06     0.968   0.000   0.000   0.032
  12322.965   6.040617E+06     0.967   0.000   0.000   0.033
  12342.869   6.047076E+06     0.967   0.000   0.000   0.033
  12362.773   6.057916E+06     0.967   0.000   0.000   0.033
  12382.677   6.073358E+06     0.967   0.000   0.000   0.033
  12402.581   6.093226E+06     0.967   0.000   0.000   0.033
  12422.484   6.116263E+06     0.967   0.000   0.000   0.033
  12442.388   6.144251E+06     0.967   0.000   0.000   0.033
  12462.292   6.177270E+06     0.967   0.000   0.000   0.033
  12482.196   6.215994E+06     0.967   0.000   0.000   0.033
  12502.100   6.260402E+06     0.967   0.000   0.000   0.033
  12522.004   6.309699E+06     0.968   0.000   0.000   0.032
  12541.908   6.363075E+06     0.968   0.000   0.000   0.032
  12561.812   6.420482E+06     0.968   0.000   0.000   0.032
  12581.716   6.482575E+06     0.968   0.000   0.000   0.032
  12601.620   6.550043E+06     0.969   0.000   0.000   0.031
  12621.524   6.621913E+06     0.969   0.000   0.000   0.031
  12641.428   6.700360E+06     0.970   0.000   0.000   0.030
  12661.332   6.784666E+06     0.970   0.000   0.000   0.030
  12681.236   6.874813E+06     0.971   0.000   0.000   0.029
  12701.140   6.970769E+06     0.971   0.000   0.000   0.029
  12721.044   7.072714E+06     0.972   0.000   0.000   0.028
  12740.948   7.180930E+06     0.973   0.000   0.000   0.027
  12760.852   7.295478E+06     0.973   0.000   0.000   0.027
  12780.756   7.416466E+06     0.974   0.000   0.000   0.026
  12800.660   7.544723E+06     0.974   0.000   0.000   0.026
  12820.564   7.679881E+06     0.975   0.000   0.000   0.025
  12840.468   7.824718E+06     0.976   0.000   0.000   0.024
  12860.372   7.976711E+06     0.977   0.000   0.000   0.023
  12880.276   8.133942E+06     0.977   0.000   0.000   0.023
  12900.180   8.295840E+06     0.978   0.000   0.000   0.022
  12920.084   8.463165E+06     0.979   0.000   0.000   0.021
  12939.988   8.636677E+06     0.979   0.000   0.000   0.021
  12959.892   8.816478E+06     0.980   0.000   0.000   0.020
  12979.796   9.002404E+06     0.981   0.000   0.000   0.019
  12999.700   9.194284E+06     0.982   0.000   0.000   0.018
  13019.604   9.389956E+06     0.982   0.000   0.000   0.018
  13039.508   9.592423E+06     0.983   0.000   0.000   0.017
  13059.412   9.801297E+06     0.984   0.000   0.000   0.016
  13079.316   1.001746E+07     0.984   0.000   0.000   0.016
  13099.220   1.024021E+07     0.985   0.000   0.000   0.015
  13119.124   1.046707E+07     0.985   0.000   0.000   0.015
  13139.028   1.069584E+07     0.986   0.000   0.000   0.014
  13158.932   1.092627E+07     0.986   0.000   0.000   0.014
  13178.836   1.115917E+07     0.987   0.000   0.000   0.013
  13198.740   1.139459E+07     0.987   0.000   0.000   0.013
